step,system_total_stopped,system_total_waiting_time,system_mean_waiting_time,system_mean_speed,96070328_stopped,96070328_accumulated_waiting_time,96070328_average_speed,GS_189331900_stopped,GS_189331900_accumulated_waiting_time,GS_189331900_average_speed,GS_249180260_stopped,GS_249180260_accumulated_waiting_time,GS_249180260_average_speed,GS_535221878_stopped,GS_535221878_accumulated_waiting_time,GS_535221878_average_speed,GS_cluster_1225347516_1225347532_1561447083_535188960_stopped,GS_cluster_1225347516_1225347532_1561447083_535188960_accumulated_waiting_time,GS_cluster_1225347516_1225347532_1561447083_535188960_average_speed,GS_cluster_1227171577_1227171582_536673959_96034844_stopped,GS_cluster_1227171577_1227171582_536673959_96034844_accumulated_waiting_time,GS_cluster_1227171577_1227171582_536673959_96034844_average_speed,GS_cluster_21754742_387497043_410375954_428968458_stopped,GS_cluster_21754742_387497043_410375954_428968458_accumulated_waiting_time,GS_cluster_21754742_387497043_410375954_428968458_average_speed,GS_cluster_2269908002_2270839096_2270839097_2270839098_stopped,GS_cluster_2269908002_2270839096_2270839097_2270839098_accumulated_waiting_time,GS_cluster_2269908002_2270839096_2270839097_2270839098_average_speed,cluster_2268730746_2268730747_23742909_471884876_stopped,cluster_2268730746_2268730747_23742909_471884876_accumulated_waiting_time,cluster_2268730746_2268730747_23742909_471884876_average_speed,joinedS_26769590_cluster_31150594_534972405_535188976_535189041_stopped,joinedS_26769590_cluster_31150594_534972405_535188976_535189041_accumulated_waiting_time,joinedS_26769590_cluster_31150594_534972405_535188976_535189041_average_speed,agents_total_stopped,agents_total_accumulated_waiting_time
0.0,0,0.0,0.0,0.0,0,0.0,1.0,0,0.0,1.0,0,0.0,1.0,0,0.0,1.0,0,0.0,1.0,0,0.0,1.0,0,0.0,1.0,0,0.0,1.0,0,0.0,1.0,0,0.0,1.0,0,0.0
5.0,0,0.0,0.0,9.358581763301157,0,0.0,1.0,0,0.0,1.0,0,0.0,1.0,0,0.0,1.0,0,0.0,1.0,0,0.0,1.0,0,0.0,0.9742842017640868,0,0.0,1.0,0,0.0,1.0,0,0.0,1.0,0,0.0
10.0,0,0.0,0.0,7.311627440004827,0,0.0,1.0,0,0.0,1.0,0,0.0,1.0,0,0.0,1.0,0,0.0,1.0,0,0.0,1.0,0,0.0,0.20061551249745527,0,0.0,1.0,0,0.0,0.9474623014908221,0,0.0,1.0,0,0.0
15.0,0,0.0,0.0,6.66754402534485,0,0.0,0.061948926178765885,0,0.0,1.0,0,0.0,1.0,0,0.0,1.0,0,0.0,0.14874407058526676,0,0.0,1.0,0,0.0,0.990434406265577,0,0.0,1.0,0,0.0,0.8916361951653693,0,0.0,0.9751464541178804,0,0.0
20.0,0,0.0,0.0,6.04591481294398,0,0.0,1.0,0,0.0,1.0,0,0.0,1.0,0,0.0,1.0,0,0.0,0.8089910580002098,0,0.0,1.0,0,0.0,1.0,0,0.0,1.0,0,0.0,0.8276642148072306,0,0.0,0.5406501289741127,0,0.0
25.0,6,15.0,0.625,6.3386622933348304,0,0.0,1.0,0,0.0,1.0,0,0.0,1.0,0,0.0,1.0,0,0.0,1.0,0,0.0,1.0,0,0.0,0.8682622271521452,0,0.0,1.0,1,3.0,0.47374109908397377,4,12.0,0.0017525508612572078,5,15.0
30.0,8,52.0,1.7333333333333334,5.580866008829344,0,0.0,1.0,0,0.0,1.0,0,0.0,1.0,0,0.0,1.0,0,0.0,1.0,0,0.0,1.0,1,2.0,0.22909347898144095,0,0.0,1.0,2,13.0,0.33130073457844245,4,32.0,0.18630055910420895,7,47.0
35.0,7,54.0,1.5,5.680921284012066,1,1.0,0.004274943243391332,0,0.0,1.0,0,0.0,1.0,0,0.0,1.0,0,0.0,1.0,0,0.0,1.0,0,0.0,0.943476464078235,0,0.0,1.0,2,13.0,0.00514544228607144,4,40.0,5.9986583664335045e-06,7,54.0
40.0,7,69.0,1.6829268292682926,6.579157262500332,1,6.0,0.5,0,0.0,1.0,0,0.0,1.0,0,4.0,0.8801144585648062,0,3.0,0.888592291163721,0,0.0,1.0,0,0.0,1.0,1,2.0,0.0005416446090943403,0,6.0,0.4344075501680127,4,60.0,0.0,6,81.0
45.0,6,97.0,2.0638297872340425,7.36746687341516,1,11.0,0.0,0,0.0,1.0,0,0.0,0.8950588391401126,0,4.0,0.02433555119176304,0,3.0,0.6234648294452021,0,0.0,0.9773441397037096,0,0.0,1.0,0,0.0,1.0,0,0.0,1.0,4,80.0,0.18306590498260963,5,98.0
50.0,5,76.0,1.4615384615384615,7.01445527689963,0,0.0,0.7907716734869512,0,0.0,1.0,0,0.0,0.9800314860431217,1,9.0,0.0,1,1.0,0.5007591807416245,0,0.0,0.8884964438648074,0,0.0,0.6463771908232834,0,4.0,0.012052433855120769,0,0.0,1.0,3,70.0,0.1655690606617987,5,84.0
55.0,4,19.0,0.3333333333333333,7.401214448723563,0,0.0,0.780529127445499,0,0.0,1.0,0,0.0,0.8601758957480407,1,18.0,0.5961833329376912,0,0.0,0.6804913549816264,0,0.0,0.9260953676457158,1,3.0,0.48259487356214187,1,9.0,1.3416109345713631e-05,0,0.0,1.0,0,20.0,0.6959143552404929,3,50.0
60.0,5,25.0,0.4098360655737705,7.2065461724376485,1,3.0,0.5414864610594127,0,0.0,1.0,0,0.0,0.8849814326701517,0,1.0,0.39528136972394573,0,0.0,0.9353612426613997,0,0.0,0.7054365149068726,1,8.0,0.46453954116118024,0,0.0,1.0,0,1.0,0.7629553226870669,0,0.0,0.9783080561390245,2,13.0
65.0,3,7.0,0.1044776119402985,7.187723715903727,0,0.0,0.4102446415239742,0,0.0,1.0,1,2.0,0.5591519026528876,1,5.0,0.36678227935939905,0,4.0,0.6866387632434465,0,4.0,0.9299900918412924,0,0.0,1.0,0,8.0,0.5604689800201338,0,1.0,0.89573382791274,0,0.0,0.9481819488509193,2,24.0
70.0,11,43.0,0.589041095890411,7.311274004734678,2,8.0,0.031739307710805985,0,0.0,1.0,1,7.0,0.47262294018194306,1,11.0,0.4791352461602849,1,8.0,0.5864988113343541,0,4.0,0.9323291677110477,0,0.0,1.0,2,8.0,0.0009714980839021089,0,3.0,0.911429595204278,1,1.0,0.5031981107204031,8,50.0
75.0,9,49.0,0.6363636363636364,7.014680113257109,3,22.0,4.93261245594769e-05,0,0.0,1.0,0,0.0,0.9417614826927314,0,1.0,0.03561741308173219,2,23.0,0.4607668435891079,0,0.0,0.7376491050044818,0,0.0,1.0,0,0.0,1.0,2,9.0,0.4639679570483062,1,6.0,0.746247843192916,8,61.0
80.0,10,57.0,0.6951219512195121,6.7067754949425815,1,13.0,0.0,0,0.0,0.9241334595262845,0,0.0,0.9667876826579598,2,11.0,0.3159779754486724,2,26.0,0.12771316008206984,0,4.0,0.5539071287310576,0,0.0,1.0,0,0.0,0.9663414133741841,3,16.0,0.17096963771962057,2,13.0,0.6302383080588344,10,83.0
85.0,14,75.0,0.8620689655172413,6.887082169530095,1,15.0,0.2539094034195966,0,0.0,0.05915948159093772,1,3.0,0.46466116585021017,2,21.0,0.0,3,33.0,0.5566007236119032,1,8.0,0.6127380529944503,0,0.0,1.0,1,2.0,0.00030685273996639494,1,16.0,0.38902637363052267,2,23.0,0.321819553275183,12,121.0
90.0,13,103.0,1.10752688172043,7.319884182110474,1,20.0,0.0,1,5.0,0.0,0,0.0,0.6698437167470846,0,0.0,1.0,3,44.0,0.5862024732193015,1,16.0,0.4985412288659443,0,0.0,0.8157178284150866,1,5.0,0.11353372019385154,0,13.0,0.7849565267003906,5,44.0,0.15407439457004907,12,147.0
95.0,9,81.0,0.826530612244898,7.1106449745298015,1,25.0,0.5,1,10.0,0.0,0,0.0,0.9525790984624448,0,0.0,1.0,0,0.0,0.6968756914970854,1,9.0,0.6870057331891443,0,0.0,0.6314643754229818,1,9.0,0.20303820834116845,1,15.0,0.5433536992792101,4,50.0,0.374387278247082,9,118.0
100.0,11,113.0,1.13,7.715102225264442,1,30.0,0.0,0,0.0,1.0,0,0.0,0.8690038294906276,0,8.0,0.8973457849237538,0,8.0,0.9334475474899553,1,24.0,0.795416328684274,0,0.0,0.950866766644674,2,22.0,0.2798570706579989,3,19.0,0.3763946232212458,3,59.0,0.2104589227361877,10,170.0
105.0,16,157.0,1.4952380952380953,7.1494809115961475,1,35.0,0.0,0,0.0,1.0,0,0.0,0.9465614931265199,1,9.0,0.2897354935120363,0,4.0,0.8249198805039933,1,18.0,0.6401907466750162,0,0.0,0.7027627090861231,2,7.0,0.25148091887793733,4,36.0,0.17695967939251944,5,80.0,0.011585336428987687,14,189.0
110.0,17,137.0,1.2685185185185186,6.706336218507767,0,0.0,0.9191626268448151,0,0.0,1.0,0,0.0,0.966291791809389,4,26.0,0.14982616470634452,0,17.0,0.533874737837323,1,9.0,0.4178549181173465,1,2.0,0.2450073690112056,3,18.0,0.001954074045451341,3,42.0,0.15399458346798395,5,68.0,0.15506122205520828,17,182.0
115.0,19,127.0,1.1339285714285714,7.025885855814538,0,0.0,0.9280684940866284,0,0.0,1.0,0,0.0,0.8817142905462886,4,46.0,0.0,3,24.0,0.37238530717163837,4,30.0,0.417068519420484,2,8.0,0.0007579232506223645,3,33.0,0.04329064498075055,1,30.0,0.6938912472257699,1,55.0,0.34962166184104715,18,226.0
120.0,26,181.0,1.5210084033613445,6.311796994472661,0,0.0,0.6946453183759351,0,0.0,1.0,0,0.0,0.0772801379128918,3,32.0,0.10122303524048185,4,44.0,0.30923486461131067,6,54.0,0.3180701193790058,2,18.0,0.2888987032724802,2,16.0,0.15573730879626585,2,15.0,0.5703835368986162,4,61.0,0.21592509203970228,23,240.0
125.0,19,68.0,0.5573770491803278,5.98972436070272,0,0.0,0.014715482758292413,0,0.0,1.0,1,5.0,1.6766009219585803e-05,0,6.0,0.704180017575281,1,27.0,0.45888009595716434,3,25.0,0.3596647757173702,0,0.0,0.9038061649797458,2,9.0,0.2676242838014048,4,15.0,0.21141286716238789,4,38.0,0.26176039229520975,15,125.0
130.0,21,113.0,0.889763779527559,6.748490895781392,0,11.0,0.5167871871020188,0,0.0,1.0,0,0.0,1.0,0,0.0,1.0,2,31.0,0.19971295558240457,2,13.0,0.5468318859156699,1,2.0,0.46810812657742173,3,21.0,0.0004141116204938808,1,15.0,0.2870595557220819,6,56.0,0.1444675207704183,15,149.0
135.0,28,220.0,1.71875,6.5570455750210135,1,5.0,0.0,0,0.0,1.0,0,0.0,1.0,0,0.0,1.0,3,47.0,0.5244537070067842,2,17.0,0.2957829263831037,1,7.0,0.41513143376504347,1,1.0,0.0005075869610969101,1,14.0,0.5648820990129374,8,94.0,5.10853510702713e-06,17,185.0
140.0,22,227.0,1.7196969696969697,6.772608196159317,0,0.0,1.0,0,0.0,1.0,0,0.0,0.6143455147491147,0,0.0,0.9114284218996138,2,31.0,0.2298947410834927,1,16.0,0.33536249987570493,1,12.0,0.0,1,17.0,0.4686715919591137,3,10.0,0.3296945523445634,7,108.0,0.125,15,194.0
145.0,21,229.0,1.6962962962962962,6.9695479292055245,0,0.0,1.0,0,0.0,1.0,0,0.0,0.9392552933957478,0,4.0,0.7869079961342611,5,34.0,0.2946791015691993,1,17.0,0.613994880295607,1,17.0,0.48877317276814863,2,16.0,4.931268724541332e-05,2,19.0,0.48795235358858163,4,109.0,0.3206287141231125,15,216.0
150.0,23,317.0,2.2971014492753623,6.868367226067029,0,0.0,1.0,0,0.0,1.0,0,0.0,0.9486337703192305,0,4.0,0.5141062310352145,5,54.0,0.5335817324655163,2,15.0,0.4735832610710734,2,24.0,0.4118975444130772,2,8.0,0.0027775410211522984,2,29.0,0.48119210044694694,5,103.0,0.26525214803565655,18,237.0
155.0,26,293.0,2.078014184397163,5.8643994194345845,1,2.0,0.002216003719017267,0,8.0,0.9077468545457429,0,0.0,0.5071319580800271,3,15.0,0.21004687702276392,2,52.0,0.5370092929551157,2,22.0,0.6193146336955725,2,30.0,0.0,2,22.0,0.20491648931707898,2,26.0,0.6042542071937915,3,50.0,0.30834839405733855,17,227.0
160.0,26,162.0,1.125,6.298734386755788,1,7.0,0.0,1,10.0,0.0065989922609569224,0,0.0,0.9347771132869303,1,10.0,0.23594609890955814,1,49.0,0.6715408247013461,2,49.0,0.6376201544424785,2,40.0,0.3209641291795031,3,36.0,2.2820528421028077e-05,1,14.0,0.5013939082084942,2,67.0,0.3808219210545949,14,282.0
165.0,32,251.0,1.7430555555555556,6.3446056902892956,1,12.0,0.49089613226854156,1,13.0,2.3945011021703216e-05,0,0.0,0.8564233178215638,0,5.0,0.6150562808367762,3,39.0,0.32269929823818494,5,73.0,0.53014728775678,2,50.0,0.30003619228989287,0,0.0,0.010784476944023525,3,19.0,0.35189288979287625,2,13.0,0.48381779991617013,17,224.0
170.0,19,89.0,0.6054421768707483,6.555018837848854,0,0.0,0.9868592402190142,0,4.0,0.9169342228292781,0,0.0,0.9842132552212319,0,2.0,0.8354417556811038,3,30.0,0.2543013198363397,6,77.0,0.25899482056636064,0,0.0,0.4559914241855784,1,24.0,0.5785863677750684,3,18.0,0.22821677525787756,1,22.0,0.09935734486316276,14,177.0
175.0,19,73.0,0.4899328859060403,7.034478034959489,0,0.0,0.6188565016724342,0,0.0,1.0,1,1.0,0.002435453135266236,0,0.0,1.0,4,51.0,0.3227411399230422,8,95.0,0.15019815224533453,1,4.0,0.46267757631196776,2,28.0,0.2559685963136847,0,11.0,0.5042779611051857,1,43.0,0.497762740288882,17,233.0
180.0,25,156.0,1.0263157894736843,6.88259606708506,2,6.0,0.41283503479503364,0,4.0,0.07763457879398958,1,6.0,0.0,0,0.0,0.7481099009143607,5,95.0,0.41318266073259075,8,98.0,0.1492052273135471,2,10.0,0.003107912692650647,2,16.0,0.016712041848981115,0,0.0,0.8909946404888222,1,47.0,0.6567101861123408,21,282.0
185.0,35,213.0,1.3653846153846154,6.118461004529834,4,24.0,0.17880441724478563,0,4.0,0.8754977599438752,1,11.0,0.0,1,4.0,0.2169586357219957,2,61.0,0.5196973400975771,7,88.0,0.29037363562933727,0,0.0,0.9313764503638223,4,33.0,7.788265724632835e-05,0,0.0,1.0,2,54.0,0.35298290357961465,21,279.0
190.0,37,271.0,1.6832298136645962,6.357840581506796,4,56.0,0.2604173747417026,1,5.0,0.4364236433945154,0,0.0,1.0,1,2.0,0.13474315980583537,1,18.0,0.6653367426535054,4,83.0,0.567142962534034,0,0.0,0.9626703732946743,4,53.0,3.0391800884225752e-06,0,0.0,1.0,5,73.0,0.2680469182969519,20,290.0
195.0,46,429.0,2.6481481481481484,6.012158728909003,5,80.0,0.2748275471938128,3,14.0,0.03461248564134613,0,0.0,1.0,0,0.0,1.0,2,29.0,0.6463537308907227,5,70.0,0.5028719098659706,0,0.0,0.010394506595088185,1,2.0,0.001095052865162321,0,0.0,1.0,6,103.0,0.10774040841422511,22,298.0
200.0,37,345.0,2.1036585365853657,5.508166033569718,2,39.0,0.36952124607202885,4,18.0,0.0017007064756397324,0,0.0,1.0,0,0.0,1.0,4,26.0,0.27464990336004025,6,77.0,0.3021142185100461,0,0.0,0.6824136516899394,1,36.0,0.4570719444022352,0,4.0,0.7997495117711808,4,29.0,0.3932689732729075,21,229.0
205.0,29,257.0,1.5207100591715976,6.3451341711498035,1,23.0,0.23102323747587267,0,16.0,0.27253940583890296,0,0.0,0.41219488852663483,0,8.0,0.9441664908205396,6,50.0,0.29520287051569283,6,89.0,0.42123127183557585,1,7.0,0.24789259776680042,2,17.0,0.2157414594930198,0,6.0,0.7916914766264316,2,70.0,0.40452560020858197,18,286.0
210.0,37,306.0,1.76878612716763,5.956507066423075,3,36.0,0.24292585547625445,0,8.0,0.5805323142177867,0,0.0,0.9203958217957988,0,8.0,0.3149566974300127,11,91.0,0.08004608082571772,8,95.0,0.23436246289720233,2,15.0,0.3183459382705566,0,11.0,0.24727887464757517,0,6.0,0.6781508805313722,5,35.0,0.15129852277116324,29,305.0
215.0,36,212.0,1.2470588235294118,5.162597094487426,1,8.0,0.46107758532477994,1,5.0,0.3430685315117732,0,0.0,0.727886989406313,5,26.0,0.00035773607789736905,6,112.0,0.35180016264589026,8,90.0,0.17932547986132572,0,0.0,0.5587081510216061,3,20.0,0.10768544405146684,1,3.0,0.45258890512113137,5,59.0,0.23630173048270572,30,323.0
220.0,34,180.0,1.0344827586206897,5.581305146349219,0,8.0,0.50154850194947,2,14.0,0.08263192756328681,0,0.0,0.8169950749738224,5,51.0,3.6724358626121457e-06,1,39.0,0.6387060022726628,4,83.0,0.4460134595097604,1,5.0,0.22480135573568608,3,32.0,3.591081353763051e-05,1,5.0,0.5211840529123009,3,66.0,0.22427276386183148,20,303.0
225.0,53,375.0,2.106741573033708,5.596480458235688,1,21.0,0.6179646407803628,4,32.0,3.117146501225332e-05,0,0.0,0.549381408901408,5,81.0,0.04963110067307392,2,28.0,0.4911585325702376,5,98.0,0.5020866333398397,3,19.0,0.2435843404781734,0,0.0,1.0,2,9.0,0.29689676104432244,7,74.0,0.17202708270554296,29,362.0
230.0,43,358.0,2.022598870056497,5.447031454387058,3,22.0,0.0009736561609939047,3,32.0,0.0,2,7.0,0.2427382566953213,4,64.0,0.12267853559159095,5,38.0,0.13526262961793684,4,100.0,0.402415267499377,2,19.0,0.33659087301586,0,19.0,0.6750188492079098,1,6.0,0.4378943675518595,4,65.0,0.0798949757380253,28,372.0
235.0,34,280.0,1.5642458100558658,6.050191999991921,3,41.0,0.23416860159318467,0,21.0,0.5256859953886244,3,12.0,0.24634216993108377,0,30.0,0.541293386861234,3,47.0,0.48560139230190785,5,117.0,0.19075191885352893,2,18.0,0.3926599538607875,0,14.0,0.35387084645186623,0,0.0,0.7323096262700614,8,146.0,0.10129854955965958,24,446.0
240.0,42,361.0,1.9726775956284153,6.018293034387384,3,52.0,0.0,0,0.0,1.0,0,8.0,0.6881157323145756,0,0.0,1.0,3,55.0,0.527195326226234,11,109.0,0.23717361719887353,4,30.0,0.3936494778650016,2,19.0,0.005395338173690881,0,0.0,0.9593664650716275,9,168.0,0.00417525663826134,32,441.0
245.0,42,277.0,1.5303867403314917,4.9189076337118225,1,17.0,0.0,0,0.0,1.0,0,0.0,0.9795527466889336,0,0.0,1.0,2,30.0,0.5191682933550541,10,124.0,0.0927352980307717,2,11.0,0.2233058760701657,4,38.0,0.1460776990280806,0,1.0,0.9191280392471727,6,105.0,0.1308742252619175,25,326.0
250.0,37,277.0,1.4972972972972973,5.673380218592726,0,30.0,0.3590854685690447,0,0.0,0.9578406755884971,0,0.0,0.9334908883663879,0,4.0,0.8865388423829375,2,22.0,0.16662705468274322,3,91.0,0.40534182674685276,2,8.0,0.47294171271468893,4,54.0,0.1251625769735602,0,1.0,0.6513102755877814,7,186.0,0.15545424999843124,18,396.0
255.0,44,392.0,2.0851063829787235,5.63616239989949,1,23.0,0.02906707153576965,0,0.0,0.2959573016178748,0,0.0,0.9094040785729354,0,4.0,0.471753884520073,5,52.0,0.26745748083288723,2,49.0,0.7023124828063382,3,36.0,0.3723738103217623,1,1.0,0.17294173972803698,1,6.0,0.6086552655733396,7,174.0,0.0,20,345.0
260.0,30,276.0,1.4526315789473685,5.626168633977462,2,13.0,0.0010559760223201856,1,4.0,0.0,0,0.0,0.919974983669079,2,10.0,0.32941632318812814,2,41.0,0.6322784038959455,2,45.0,0.35470844249040073,4,42.0,0.07372340290731255,2,32.0,0.3634759564576751,0,4.0,0.8467519694674291,6,230.0,0.23732465335747205,21,421.0
265.0,31,142.0,0.7395833333333334,5.88513659787447,1,7.0,0.0,1,9.0,0.0,0,0.0,0.9706712606039866,2,20.0,0.2990304563449512,1,12.0,0.6225589319377935,8,68.0,0.2852358152650763,3,43.0,0.3214087753584521,3,25.0,0.014269087701373799,0,4.0,0.45956116655152196,1,148.0,0.4037785176137128,20,336.0
270.0,42,228.0,1.2258064516129032,5.423326365161438,1,12.0,0.0,0,4.0,0.9095715522085406,1,3.0,0.0001482799918222337,1,6.0,0.1389148466221309,5,35.0,0.4132282969114532,13,119.0,0.240812314852426,4,52.0,0.26564905326424165,4,46.0,0.004560200325228358,0,4.0,0.006936900922552183,2,93.0,0.4310176610862058,31,374.0
275.0,49,325.0,1.7105263157894737,5.215951694939522,0,9.0,0.986595695585526,0,5.0,0.8993790246475935,1,8.0,0.29166621549220856,1,7.0,0.5552612184353668,4,58.0,0.41128836233643895,9,160.0,0.23665757756138775,1,16.0,0.5986333664355347,4,63.0,0.180452821902886,1,38.0,0.6247564950945955,6,112.0,0.12088458171395014,27,476.0
280.0,54,414.0,2.1015228426395938,5.595931593019449,0,13.0,0.2071737760043656,0,0.0,1.0,0,0.0,0.9724732736192945,1,12.0,0.0,3,33.0,0.44836609104266467,3,120.0,0.2659530581068584,1,1.0,0.2931740973895002,4,77.0,0.0,0,29.0,0.8921859263464573,8,169.0,0.002536088975882492,20,454.0
285.0,61,637.0,3.1691542288557213,5.535478970179233,2,21.0,0.08224220283208972,0,0.0,0.8828940840009766,0,0.0,0.9268392021046276,0,0.0,1.0,5,53.0,0.20939625064436607,2,74.0,0.45607771111826984,1,7.0,0.6738078228740625,1,3.0,0.0,0,19.0,0.6822494448886112,9,214.0,0.21425587144621872,20,391.0
290.0,48,595.0,2.9455445544554455,5.329875124218687,2,15.0,1.0428802751831795e-05,0,0.0,0.29682610414547567,0,0.0,0.5461323959324,0,0.0,0.9015331389038067,6,54.0,0.24472015006705555,1,74.0,0.45348203981127383,2,13.0,0.41960872748143185,1,42.0,0.5126504290645318,0,0.0,1.0,5,115.0,0.21547086881988756,17,313.0
295.0,50,604.0,2.99009900990099,5.804069050305724,1,12.0,0.4468162403497893,2,9.0,0.3133311313579529,0,0.0,0.8651105177344918,0,8.0,0.9310510524084559,3,66.0,0.513761121645227,7,99.0,0.22695796670219717,4,26.0,0.011999937391181355,2,19.0,0.0005579263945046375,0,0.0,0.8880594394263104,5,176.0,0.37573367225927184,24,415.0
300.0,50,584.0,2.9054726368159205,5.251893273316749,1,13.0,0.0,2,19.0,0.004575070226890725,0,0.0,0.968618750792225,0,0.0,0.3469041770578083,5,81.0,0.4527806403553375,12,151.0,0.09362039166663158,5,51.0,0.19691421476868376,2,40.0,0.004807801866406807,0,0.0,0.8678378622218901,6,139.0,0.011575588097184444,33,494.0
305.0,46,451.0,2.2216748768472905,4.966078053991718,0,0.0,1.0,2,19.0,0.3131069943525257,0,0.0,0.8928976202700136,0,0.0,0.6306246158483739,5,94.0,0.23192555135620246,10,176.0,0.24428414145081806,6,55.0,0.12278524301446817,4,76.0,0.15602637183950407,0,0.0,0.7123030424615842,5,247.0,0.13848353291321674,32,667.0
310.0,34,259.0,1.2696078431372548,5.814443260327532,0,8.0,0.27598575976504897,0,0.0,0.33421046811671956,0,0.0,0.7718223976486667,0,4.0,0.8440925465767302,5,120.0,0.37052860361546053,1,189.0,0.42111733855343186,4,57.0,0.2043368436474272,4,93.0,0.15488236306710781,0,0.0,0.8465747901027245,1,133.0,0.4613248985115603,15,604.0
315.0,39,316.0,1.5339805825242718,6.153693696890401,1,16.0,0.03354308766419795,0,0.0,0.9598395215085604,0,0.0,0.9207957468210789,1,5.0,0.49419347592390744,6,79.0,0.3555757019476096,0,108.0,0.49887482245063786,4,77.0,0.46174060796441785,0,0.0,1.0,0,0.0,0.8163732832210931,1,88.0,0.4890437126909174,13,373.0
320.0,36,269.0,1.2995169082125604,5.522400501682112,1,10.0,0.011113765761308516,0,0.0,0.28998111174731556,0,0.0,0.8281023542608287,3,13.0,0.1739793883730058,6,60.0,0.010569795094846231,2,127.0,0.36642142444300707,4,57.0,0.17181866893270983,0,44.0,0.4053636634921614,1,3.0,0.328502796811801,1,86.0,0.4469594514153585,18,400.0
325.0,48,350.0,1.6908212560386473,5.401615392933454,1,7.0,0.45640741575341814,1,8.0,0.49428914744829194,0,4.0,0.8965022431798221,4,30.0,0.1552955399650955,2,50.0,0.38608211591642216,12,168.0,0.17072378003734032,4,49.0,0.13501367017946125,0,5.0,0.725120247673683,1,16.0,0.3523797167105434,1,91.0,0.7174333676549212,26,428.0
330.0,65,590.0,2.8640776699029127,4.8959252801252715,1,10.0,0.25648780300058577,1,17.0,0.3406566969490696,0,4.0,0.8255894265908061,3,23.0,0.055921066748267155,2,44.0,0.6128896444323138,20,259.0,0.06519570844160466,5,40.0,0.1520216335486358,2,45.0,0.01169318227834554,0,11.0,0.7422607711468536,2,97.0,0.19007088564939276,36,550.0
335.0,68,717.0,3.514705882352941,4.550635914843858,2,17.0,0.0007747889468518087,1,12.0,0.03421210224521961,0,4.0,0.8575648299518491,1,11.0,0.33256386028852664,2,29.0,0.38448702956563074,20,294.0,0.09416956859908235,2,12.0,0.31567585941667126,3,61.0,0.2140220773742457,0,25.0,0.7086162431360072,2,7.0,0.3644318017289594,33,472.0
340.0,55,649.0,3.1970443349753697,4.904543328793288,2,43.0,0.15729710424588286,0,6.0,0.3903509296110914,0,4.0,0.45135659738605116,1,12.0,0.48478470005051044,3,41.0,0.5718717443753452,3,292.0,0.2673352866816567,2,8.0,0.22690766456445702,3,88.0,0.14760454466841913,0,14.0,0.9021422642782425,3,117.0,0.14468231994981395,17,625.0
345.0,57,679.0,3.2801932367149758,5.562066320213392,4,58.0,0.0005951729564061178,0,1.0,0.609926813347938,0,4.0,0.6967545038185929,1,4.0,0.13879889424401845,3,83.0,0.5167337242131741,0,126.0,0.6138269909375029,2,18.0,0.4819107742735588,2,19.0,0.0864728083051548,0,14.0,0.6721696921987524,3,136.0,0.46904429893638566,15,463.0
350.0,49,549.0,2.589622641509434,5.305661928360658,2,42.0,0.014043470320421645,1,2.0,0.3205441452458198,0,0.0,0.8966785787574744,2,13.0,0.32473493679102244,4,65.0,0.19553447754142564,3,145.0,0.3991915296886739,2,13.0,0.28309986325692266,2,36.0,0.31063714988977664,1,6.0,0.5703863394721442,3,126.0,0.27440859059986555,20,448.0
355.0,57,559.0,2.624413145539906,5.2793159829809175,1,35.0,0.3033143216671587,2,53.0,0.13909201743762423,0,1.0,0.8953564298572106,2,27.0,0.274137741222358,4,74.0,0.43861727220763913,12,180.0,0.11674493363103201,2,6.0,0.3641545683119782,3,25.0,0.12091971362734122,0,0.0,0.8172964009686271,3,124.0,0.22346812556797013,29,525.0
360.0,66,599.0,2.7731481481481484,4.723672181346565,1,40.0,0.581741488505373,5,78.0,0.04161831138464734,0,1.0,0.860928741977529,0,4.0,0.19661467883014908,5,100.0,0.24551626347758976,17,257.0,0.05911299224178006,3,15.0,2.5828250596350702e-05,5,69.0,0.0032208435106160713,0,0.0,0.6938740134144838,3,139.0,0.09337176686690936,39,703.0
365.0,64,598.0,2.7181818181818183,4.846718377809199,0,0.0,0.9119880258711689,5,90.0,1.7125477893067996e-05,0,1.0,0.9086230608038154,0,0.0,0.4256092089417113,3,39.0,0.27218204138070096,16,254.0,0.16533362099484522,1,7.0,0.0,3,78.0,0.16922916037317662,0,7.0,0.9007559050425483,2,138.0,0.13121033525944392,30,614.0
370.0,43,541.0,2.4151785714285716,5.695440381589871,0,0.0,0.6547053019832011,0,86.0,0.30927615994654656,0,2.0,0.8907014415074083,0,0.0,1.0,0,31.0,0.6457023800253818,0,232.0,0.44213841718398594,0,0.0,0.8337717118833645,3,84.0,0.11405433920021754,0,7.0,0.8680555478857168,3,153.0,0.29274136381817717,6,595.0
375.0,50,730.0,3.2017543859649122,5.868853528024147,0,4.0,0.3958513278636452,0,61.0,0.5969040720418463,0,2.0,0.8597818166481486,0,0.0,1.0,0,60.0,0.7366602304231863,0,148.0,0.6979772945138233,1,1.0,0.7287617119578275,0,4.0,0.28577561970214327,0,7.0,0.9821303177254835,3,164.0,0.186776934080501,4,451.0
380.0,56,790.0,3.41991341991342,5.291356735895363,3,13.0,0.00010701633218118316,1,15.0,0.298820733138846,0,2.0,0.6941966803784523,0,0.0,0.8912079354014185,2,74.0,0.5294043309733847,4,145.0,0.3448307178413486,1,12.0,0.38528797507746343,1,75.0,0.44000169978950576,0,7.0,0.36541303579900636,1,2.0,0.6911934360302764,13,345.0
385.0,80,925.0,3.9699570815450644,5.014125633397423,3,29.0,0.24106069368002092,4,29.0,0.005443277566146333,1,3.0,0.30099987359734004,0,4.0,0.9616950883721453,8,111.0,0.3276572002572865,14,204.0,0.12033294350565506,4,21.0,0.1603788670810117,2,10.0,0.0024205410787803048,1,3.0,0.5487020479710013,2,122.0,0.3155848641905939,39,536.0
390.0,92,1114.0,4.680672268907563,4.443888106122373,4,45.0,0.1741101888383157,5,53.0,8.105876967167598e-05,2,13.0,0.030078872215714408,1,2.0,0.03769983978659342,10,158.0,0.27307521610432084,20,306.0,0.10617641035625695,6,48.0,0.108972362225968,2,50.0,0.0028735052048312485,1,4.0,0.5252785508800141,4,137.0,0.13647055185363335,55,816.0
395.0,84,1169.0,4.870833333333334,4.1986374653369,2,20.0,0.24854269473856752,4,50.0,0.00435460288806201,3,28.0,4.566144741980374e-06,1,7.0,0.0,9,95.0,0.38525781331030895,20,350.0,0.13203189628419623,6,51.0,0.3025397256405853,3,77.0,0.22885890045276183,1,14.0,0.4710487004189555,4,138.0,0.38959390094105445,53,830.0
400.0,56,916.0,3.7851239669421486,5.311777227878723,1,25.0,0.39712282107424457,0,30.0,0.2708479572379299,2,27.0,0.0,1,16.0,0.38957278838274145,2,69.0,0.3668923186202129,2,303.0,0.3414950909970553,1,18.0,0.44735645023752707,4,90.0,6.498532554273393e-05,1,17.0,0.6235901374341117,1,137.0,0.7506833718205687,15,732.0
405.0,59,920.0,3.865546218487395,5.500369736233265,1,27.0,0.4829195048524011,0,6.0,0.6629100286599824,0,11.0,0.8584653624093415,1,5.0,0.4602503789374275,6,110.0,0.2591675667179093,0,142.0,0.4506065883222104,2,12.0,0.5785527070178076,0,7.0,0.3028362123655968,0,12.0,0.9607965696374541,2,124.0,0.32798253338388367,12,456.0
410.0,61,889.0,3.766949152542373,5.006549692251813,0,0.0,1.0,1,8.0,0.02774136162854929,0,0.0,0.9451170403282158,1,5.0,0.1300208673411492,4,107.0,0.3386445186867755,4,168.0,0.3566298108784861,2,11.0,0.10079578949210735,2,67.0,0.29549884915366686,1,14.0,0.41729744845739936,4,144.0,0.13797729718079904,19,524.0
415.0,65,894.0,3.7721518987341773,4.991885546999586,0,4.0,0.9222641130252363,3,21.0,2.614379051186891e-05,0,0.0,0.936998420692902,3,17.0,0.18273697652036214,4,118.0,0.3432148146121631,12,218.0,0.17280501124171535,1,7.0,0.5200869228161134,1,20.0,0.23047953827681056,1,12.0,0.7024029010471986,4,164.0,0.0,29,581.0
420.0,82,1164.0,4.870292887029288,4.179166693028929,1,5.0,0.45082536504468196,3,44.0,0.15966914907271226,0,0.0,0.6891495405645629,2,13.0,0.1515631681465921,8,124.0,0.20971998883832552,21,304.0,0.004151900545177613,2,13.0,0.36694279925700635,5,59.0,0.0021627966407817183,0,6.0,0.9308767212518921,4,184.0,0.17005044995445848,46,752.0
425.0,87,1347.0,5.54320987654321,3.893569114775409,1,1.0,0.4346257406232795,4,45.0,0.0018729874043671613,1,3.0,0.0005795966111459043,2,6.0,0.002562981907778459,5,65.0,0.20867945001939892,18,308.0,0.15755890705378353,4,12.0,0.06271267708266332,4,74.0,0.00014175520440397825,1,7.0,0.5902539847100184,0,0.0,0.6886744367804593,40,521.0
430.0,74,1255.0,5.1646090534979425,4.401040632072569,1,6.0,0.036901300428629824,0,38.0,0.2901306941092219,0,0.0,0.6226503656258633,2,24.0,0.46323774383721184,1,48.0,0.5019786172475672,5,275.0,0.27779439536588707,2,16.0,0.3404261479546379,4,94.0,0.0,2,6.0,0.3261246715953207,1,151.0,0.23589834917046648,18,658.0
435.0,67,1275.0,5.246913580246914,4.867343045387969,2,16.0,0.0,0,7.0,0.5763850426715152,0,2.0,0.7596695831542442,1,79.0,0.11670993107123886,3,95.0,0.3282523179436833,0,137.0,0.502353280587741,2,24.0,0.49389115947252604,1,69.0,0.0,2,16.0,0.3185569298160806,1,8.0,0.5,12,453.0
440.0,70,1315.0,5.389344262295082,5.063129864493979,0,0.0,1.0,1,11.0,0.20839424348073696,0,2.0,0.8956996628571487,3,82.0,0.2389421510689779,6,113.0,0.20250393159969873,2,138.0,0.39640697881155357,2,17.0,0.32737762396223113,0,74.0,0.6327158830621785,3,28.0,0.00035831137848601645,3,314.0,0.4623279212400306,20,779.0
445.0,86,1504.0,6.089068825910931,4.431351691623898,0,0.0,1.0,2,21.0,0.016673980034383338,0,2.0,0.8736598574124704,3,97.0,0.0,7,151.0,0.09869471616527284,8,168.0,0.16869074447303467,0,4.0,0.2235511209055741,1,5.0,0.014308430077429504,2,24.0,0.28148251945488295,6,328.0,0.1696707236526599,29,800.0
450.0,103,1711.0,6.955284552845528,4.015617334396382,0,0.0,0.8371805430591623,5,44.0,0.03935154344881296,0,2.0,0.4070851509239707,3,112.0,0.0,8,195.0,0.24029872382323916,16,232.0,0.05834695088236073,1,5.0,0.41384923250785044,2,86.0,0.004577033637396827,0,8.0,0.7217130783650259,9,366.0,0.1672859133352071,44,1050.0
455.0,94,1781.0,7.239837398373984,3.9456996171896868,0,7.0,0.806653008145664,5,51.0,8.5530116213303e-06,3,12.0,0.1831551758343653,3,127.0,0.24740430352183584,6,199.0,0.24337286633453392,14,235.0,0.14512445137280763,2,7.0,0.3114903946950273,3,101.0,0.13761125919905243,0,3.0,0.8653744025588677,6,217.0,0.3683337192009617,42,959.0
460.0,78,1733.0,7.044715447154472,4.512216708571154,0,0.0,0.9882634063774516,0,45.0,0.25278160830521335,3,24.0,0.4802102471442606,1,88.0,0.5723830507287199,5,221.0,0.4241995392427253,1,180.0,0.41111592954880904,3,18.0,0.375532158880583,4,119.0,5.6623329264969493e-05,1,11.0,0.687972756387408,4,223.0,0.4750418685524624,22,929.0
465.0,78,1827.0,7.396761133603239,4.730060068772903,0,0.0,0.5828929149270965,0,48.0,0.2971117874243253,0,17.0,0.6505550680446308,1,5.0,0.35505999848845166,5,234.0,0.270313070782873,0,75.0,0.7033016568499694,4,43.0,0.30113189211321545,0,0.0,1.0,1,13.0,0.71310156821105,7,248.0,0.06605057587264673,18,683.0
470.0,88,2052.0,8.240963855421686,4.4959967423763425,0,0.0,0.009601243562492813,3,57.0,0.0651713766798387,0,2.0,0.7828439660347223,1,6.0,0.3351480132761004,5,257.0,0.26797289947390995,4,81.0,0.29702567939626445,4,46.0,0.2465332228003055,0,31.0,0.7038880626016235,1,22.0,0.6979819058881768,6,253.0,0.27695128392941526,24,755.0
475.0,102,2316.0,9.301204819277109,3.904566862420598,1,5.0,0.0,6,80.0,0.0011242802557516758,2,6.0,0.2405964649802716,1,1.0,0.0008334499570683933,7,288.0,0.09769591341281694,12,127.0,0.16325650074519563,1,39.0,0.28494900504261894,0,37.0,0.38175053463390285,0,30.0,0.7638403748370258,5,277.0,0.26422238388704977,35,890.0
480.0,121,2810.0,11.15079365079365,3.5939417689029383,1,10.0,0.0,6,110.0,5.077557996797387e-06,3,20.0,2.521927310185324e-05,1,6.0,0.0,7,323.0,0.1559539551041163,17,202.0,0.15146376874670822,2,29.0,0.38532376607818836,3,71.0,0.022464611889218677,1,32.0,0.45454299583281277,9,312.0,0.1676421566178259,50,1115.0
485.0,120,3141.0,12.31764705882353,3.3887332226052544,0,0.0,0.060280505895455264,6,140.0,0.0,3,35.0,0.0,1,11.0,0.0,4,132.0,0.3078102369483444,18,217.0,0.09994193700303738,2,10.0,0.42251032134848127,6,91.0,0.028164062288660984,2,37.0,0.5328831061289042,7,295.0,0.2119704279302897,49,968.0
490.0,101,2880.0,11.162790697674419,4.057318387297288,1,3.0,0.4958294056735471,6,170.0,0.0,2,32.0,0.0,0,4.0,0.8535390612376527,1,181.0,0.5645404731944702,3,193.0,0.3708906960114726,3,23.0,0.31436198436052815,7,124.0,0.11716580497007474,2,36.0,0.5347548442102763,6,319.0,0.10051513626427609,31,1085.0
495.0,109,3296.0,12.82490272373541,4.20160267075309,1,8.0,0.4999835895983304,6,200.0,0.0,0,15.0,0.8221107733954893,0,0.0,0.8646167576663857,1,219.0,0.6650084244627394,0,83.0,0.5641293720789315,5,46.0,9.374423369130964e-06,8,160.0,0.0025283151826508993,2,9.0,0.22966688007881492,9,358.0,0.16766441145178265,32,1098.0
500.0,115,3520.0,13.858267716535433,3.7444897741300815,0,0.0,0.9563034532889431,6,230.0,0.0,0,0.0,0.8342934094763017,0,0.0,1.0,7,324.0,0.19928268612900207,3,95.0,0.39400620517223484,4,48.0,0.0,6,178.0,0.03858161157345274,4,25.0,0.00011838713448424133,4,54.0,0.30301207684770187,34,954.0
505.0,121,3650.0,14.147286821705427,3.4261751260487694,0,0.0,0.5186736976516784,6,260.0,0.0,0,0.0,0.8881088404896439,0,8.0,0.9288410527272932,11,368.0,0.1277370170883465,12,144.0,0.17734117941689775,0,37.0,0.4665164699910491,5,169.0,0.14062391037567742,2,18.0,0.0,2,220.0,0.40080557288130075,38,1224.0
510.0,139,3932.0,15.123076923076923,3.305719578594502,0,0.0,1.0,6,290.0,0.1415159913663813,0,2.0,0.9131413538636881,0,0.0,0.8672405704362047,10,365.0,0.02957606738335457,19,226.0,0.07177517858532888,1,28.0,0.31061157984402415,4,159.0,0.14452395707960888,0,8.0,0.8665144790819371,4,48.0,0.1777237489516551,44,1126.0
515.0,123,3880.0,14.696969696969697,3.3604320147609212,0,0.0,1.0,6,320.0,0.0,0,2.0,0.747514372491676,1,1.0,0.003664786663676633,7,405.0,0.2121067054586878,19,228.0,0.018031175638503108,1,25.0,0.23063743874244186,4,179.0,0.0,0,4.0,0.8817463233687062,2,418.0,0.37898998206853124,40,1582.0
520.0,112,3743.0,14.124528301886793,3.6645897783670938,0,0.0,0.48115895684615184,6,350.0,0.0,1,3.0,0.4473303627498172,1,5.0,0.0,3,348.0,0.3295015966335288,5,188.0,0.2769285539677015,4,40.0,0.00041743673931927613,4,199.0,0.0,0,4.0,0.9315991185160332,7,445.0,0.31346848543854217,31,1582.0
525.0,106,3592.0,13.503759398496241,3.754079523499962,1,3.0,0.10549444351823688,6,380.0,0.0,0,3.0,0.5185341066410963,1,10.0,0.0,2,292.0,0.3536488998756844,1,105.0,0.4220009274204158,5,60.0,2.458939697662783e-06,0,0.0,0.037154373278586394,0,0.0,0.9159673892857496,8,490.0,0.24779964172057647,24,1343.0
530.0,108,3367.0,12.610486891385769,3.3668356854812616,2,12.0,2.90777259031142e-05,6,410.0,0.0,0,0.0,0.7037471227500167,0,0.0,1.0,6,321.0,0.34483950545776687,4,115.0,0.09127103996493081,3,51.0,0.0,2,140.0,0.0,1,1.0,0.4659878390572542,9,299.0,0.07589394179258423,33,1349.0
535.0,117,3636.0,13.617977528089888,3.6275341471731255,2,22.0,0.0,6,440.0,0.0,1,3.0,0.00025445179913256534,0,4.0,0.8550633759652267,7,355.0,0.35248529142922636,10,156.0,0.006235732737035691,0,28.0,0.6357148390606503,1,66.0,0.48826655021553866,0,55.0,0.7320681258447961,6,287.0,0.17828868544849927,33,1416.0
540.0,127,3955.0,14.59409594095941,3.511687101947447,2,32.0,0.0,6,470.0,0.0,1,12.0,0.4592863149012044,0,0.0,0.8694078128300158,8,388.0,0.21320832544511356,11,214.0,0.19363382556213615,1,2.0,0.6302159688649859,4,183.0,0.049101060444476215,0,55.0,0.9087563239285923,7,306.0,0.11910614351589029,40,1662.0
545.0,124,4017.0,14.714285714285714,3.2103136517345487,1,23.0,0.0,6,500.0,0.0,1,32.0,0.6251504423734561,1,1.0,0.34431791645090165,7,372.0,0.11091392501438498,8,206.0,0.23784373609999268,0,0.0,0.6394370858926649,5,204.0,0.1433362524142377,0,74.0,0.7530563896396146,6,315.0,0.031723121492319865,35,1727.0
550.0,128,4243.0,15.262589928057555,3.7045875465170486,1,28.0,0.0,6,530.0,0.0,0,19.0,0.8833705531358871,2,6.0,0.028480336156502226,0,252.0,0.477758450722214,0,116.0,0.6765485417863033,1,5.0,0.4662400412096447,7,234.0,0.00042249179242419526,0,19.0,0.6332574962069737,6,342.0,0.17215466275927518,23,1551.0
555.0,134,4638.0,16.623655913978496,3.6344553690206722,1,35.0,0.44471912116258033,6,560.0,0.0,0,15.0,0.9461976358078436,3,19.0,6.5179216620231e-05,1,270.0,0.44651737948899484,1,67.0,0.6449384927557474,1,10.0,0.6129326141214034,4,164.0,3.5683160141180693e-06,0,0.0,0.36611534314846794,8,376.0,0.22196515090753277,25,1516.0
560.0,120,4771.0,17.100358422939067,3.534002673891221,1,4.0,0.3256599876020077,6,590.0,0.0,0,0.0,0.8185858500769149,3,34.0,0.0,4,315.0,0.2489052021271207,0,66.0,0.4918315519130818,0,0.0,0.8344547473067951,4,280.0,0.2381119798138036,1,9.0,0.620057246214694,5,291.0,0.1219650538289424,24,1589.0
565.0,129,5092.0,18.185714285714287,3.6975198267529583,1,9.0,0.47410789265164427,6,624.0,0.12197476072507189,1,2.0,0.3796661314116598,3,57.0,0.3519225491343927,6,371.0,0.12717663074691882,4,94.0,0.45751697749333664,0,0.0,0.9345167421614404,5,73.0,0.10487981472335077,0,71.0,0.7861551922243235,3,25.0,0.09042736045502404,29,1326.0
570.0,131,5299.0,18.724381625441698,3.3106743346420506,1,14.0,0.5771750798771341,7,656.0,0.04108258162092682,2,12.0,0.25459638540658164,3,31.0,0.02864525081766793,9,414.0,0.051741758829990915,6,126.0,0.3555857341841961,0,0.0,1.0,9,291.0,0.002332777444170091,1,73.0,0.6179627344664,4,43.0,7.904033043071335e-05,42,1660.0
575.0,137,5602.0,19.795053003533567,3.330476082609467,3,25.0,0.23112598770306064,8,694.0,4.0844542269593565e-06,3,26.0,0.49362936135879326,0,8.0,0.41363947443695676,8,401.0,7.1461651451125634e-06,9,124.0,0.2292716064229068,0,0.0,0.9717435223221749,4,277.0,0.14960812639582033,3,81.0,0.0021387555984200375,4,343.0,0.2032983054908404,42,1979.0
580.0,150,6166.0,21.78798586572438,3.4350203567523394,3,40.0,0.24978623311577933,8,734.0,0.0,2,24.0,0.6569764649312048,0,0.0,1.0,5,393.0,0.1614920489862608,1,114.0,0.5205562584978822,0,0.0,0.9512021979987679,4,280.0,0.09552246797318138,2,80.0,0.3331278310842223,6,347.0,0.015130168644989287,31,2012.0
585.0,144,6677.0,23.593639575971732,3.5550048444416507,3,55.0,0.23918834727730293,8,774.0,0.0,0,10.0,0.8242290152513286,0,0.0,0.9782738699343544,5,391.0,0.14500435556548424,0,74.0,0.5983445063664997,0,0.0,0.7448254592312372,3,174.0,0.188085283809814,0,7.0,0.6889983240923931,8,383.0,0.16604465394324525,27,1868.0
590.0,151,7225.0,25.350877192982455,3.325276875113335,1,18.0,0.2947567502306231,8,814.0,0.0,1,1.0,0.6762018392709125,0,0.0,1.0,5,416.0,0.20050633417956507,3,81.0,0.4096414877998089,0,0.0,0.5195254480530278,5,200.0,0.14605307717132138,0,0.0,1.0,7,154.0,0.0,30,1684.0
595.0,158,7710.0,26.67820069204152,3.083162373771643,1,23.0,0.011729589914906108,8,854.0,0.0,2,6.0,0.28661280684031915,0,0.0,0.8286460976283242,6,448.0,0.2988747902990384,11,118.0,0.14818817967079284,1,3.0,0.4122782934712307,6,226.0,0.12278329599031407,0,81.0,0.747689925079281,6,118.0,0.001076713663262384,41,1877.0
600.0,165,8351.0,29.097560975609756,2.9060921609988357,2,33.0,0.319633671494482,8,894.0,0.0,2,11.0,0.5505346726270254,0,0.0,0.9535412264810147,6,486.0,0.43674652854498935,16,186.0,0.09332830122615272,2,13.0,0.29415257713474,5,235.0,0.010021680603982976,0,81.0,0.7559650969862735,6,148.0,2.5667704209791413e-06,47,2087.0
605.0,154,8511.0,29.552083333333332,3.019548869759589,0,0.0,0.972908555221458,8,934.0,0.0,3,22.0,0.3105482185464651,0,0.0,0.1657569336406335,6,583.0,0.3344035542785069,13,182.0,0.1603366371993487,1,3.0,0.6248572111908827,5,340.0,0.087618868853889,1,97.0,0.7761000848031921,5,149.0,0.0,42,2310.0
610.0,148,8623.0,29.632302405498283,3.4789040975550467,0,0.0,0.4539454950068711,8,974.0,0.0,2,21.0,0.4648141922147688,1,5.0,0.0,6,527.0,0.3702132287200806,1,163.0,0.36774270139540427,0,0.0,0.8292764044820377,9,378.0,0.12245379896402696,1,13.0,0.6740831764386529,3,128.0,0.10258245862467834,31,2209.0
615.0,162,8965.0,30.59726962457338,3.3470992772671893,2,7.0,0.255793791408101,8,1014.0,0.0,0,10.0,0.8010328824970883,0,0.0,1.0,7,558.0,0.20598667415647448,1,66.0,0.6340397906913591,2,5.0,0.23122034333405944,11,428.0,0.00029107812429876584,1,6.0,0.44010916826849006,5,158.0,0.36252385672150267,37,2252.0
620.0,167,9329.0,31.731292517006803,3.1051649169024595,2,11.0,0.33155895370497274,8,1054.0,0.0,0,3.0,0.8920232613368133,0,0.0,0.9419010738974515,6,576.0,0.0014481474963962146,2,69.0,0.434675568945468,3,11.0,0.0018482742240831021,11,487.0,0.03919450764937399,3,19.0,0.24369490788862205,4,163.0,0.3068812220159736,39,2393.0
625.0,171,9905.0,33.80546075085324,2.8206762663746643,2,21.0,0.29226891749022865,8,1094.0,0.0,1,6.0,0.5965135697831305,0,0.0,0.8199704399955903,6,598.0,0.23364707730063294,5,91.0,0.2605349591963692,0,8.0,0.5673899915738996,12,545.0,7.025610350922963e-07,3,21.0,4.5181887795271775e-06,4,178.0,0.40614047215059335,41,2562.0
630.0,176,10323.0,34.875,2.765753295808726,2,31.0,0.06045368255526087,8,1134.0,0.0,2,15.0,0.5607898340504648,0,0.0,1.0,6,628.0,0.20502603686372595,9,127.0,0.18989902105384612,0,0.0,1.0,9,459.0,0.0,0,14.0,0.568714131082231,6,201.0,0.14207362919331407,42,2609.0
635.0,173,10574.0,35.364548494983275,2.8880115521086864,1,3.0,0.3386318046404741,8,1174.0,0.0,3,28.0,0.3449977449452469,0,0.0,1.0,5,652.0,0.30442853922000856,4,93.0,0.15848227463218353,0,0.0,0.9308262493688011,9,608.0,0.1418233541487831,0,99.0,0.4807129398899849,6,215.0,0.1366680940924489,36,2872.0
640.0,179,10987.0,35.90522875816993,3.225483378071213,1,8.0,0.3773963647193868,8,1214.0,0.0,2,25.0,0.26970918632660573,0,0.0,1.0,6,685.0,0.2105457905326157,0,56.0,0.30284315288927904,0,0.0,0.8732404508152123,10,556.0,3.803465774743379e-05,0,99.0,0.7471374420436422,6,241.0,0.2568857273262,33,2884.0
645.0,188,11428.0,36.983818770226534,3.200945589428317,2,18.0,0.1254789705346748,8,1254.0,0.0,1,12.0,0.5863541723634673,0,0.0,1.0,4,546.0,0.07148640158648104,0,17.0,0.7983218890657666,0,9.0,0.6731978066003821,10,581.0,0.005144123190431424,0,109.0,0.8753781092594191,7,272.0,0.21509688011780276,32,2818.0
650.0,190,11770.0,38.33876221498371,2.7508258195531257,3,23.0,4.749270075041748e-06,8,1294.0,0.0,3,21.0,0.3548537610639884,0,0.0,1.0,6,756.0,0.22479890428725738,0,16.0,0.5929113944587462,2,52.0,0.21913073760880208,9,588.0,0.0,0,4.0,0.8247386641643296,3,40.0,0.21815050020449267,34,2794.0
655.0,197,12112.0,39.324675324675326,2.8131357557014764,3,38.0,0.0,8,1334.0,0.0,4,37.0,0.19470981307684196,0,8.0,0.9014452520787333,5,775.0,0.41176001710470483,3,37.0,0.6317488222364398,3,66.0,0.18715846416137233,9,633.0,0.02392785458521927,1,6.0,0.6419414425729136,3,223.0,0.2801396869520207,39,3157.0
660.0,203,12508.0,40.21864951768489,2.445432251314964,3,53.0,0.22081486819873553,8,1374.0,0.0,4,57.0,0.1601203883301852,0,0.0,0.445000292654681,7,776.0,0.23144095288895689,6,72.0,0.49858977538466387,4,86.0,0.2785293261298136,7,656.0,0.030009611409362216,1,11.0,0.2822233350544675,3,237.0,0.22203968114832318,43,3322.0
665.0,204,13164.0,41.79047619047619,2.3338086856307907,1,20.0,0.4530277763843906,8,1414.0,0.0,5,84.0,0.25397240005712385,0,1.0,0.8057713564253176,7,718.0,0.19429299195220512,5,64.0,0.25781872649474424,3,81.0,0.08724814971813037,9,716.0,0.05343959047161456,2,20.0,0.28544245095051535,3,364.0,0.1609847818036457,43,3482.0
670.0,202,14004.0,43.7625,2.6085038685779365,1,21.0,0.32592317241889796,8,1454.0,0.0,5,109.0,0.1404854188989301,0,0.0,1.0,7,749.0,0.0056438292041414324,0,36.0,0.2857423896293589,0,71.0,0.3138439582568197,9,761.0,0.0007658429773652641,1,9.0,0.6834406876640907,5,387.0,0.008714251642091815,36,3597.0
675.0,212,14874.0,45.907407407407405,2.7310430443338283,2,28.0,0.003348355336903068,8,1494.0,0.0,7,140.0,0.18575937825138536,0,0.0,0.9271956521132796,9,797.0,0.08531138037647178,1,28.0,0.2183515533735699,0,4.0,0.9518912421007439,7,674.0,0.009084579960152238,0,0.0,0.790871855871208,6,423.0,0.13060491877274075,40,3588.0
680.0,212,15458.0,47.56307692307692,2.6442361673513695,3,40.0,0.0021418902567180323,8,1534.0,0.0,7,181.0,0.31994177193252793,0,0.0,1.0,8,932.0,0.09974015955492242,2,61.0,0.40843043985534433,1,5.0,0.012180780129232474,3,712.0,0.09966267594278251,1,3.0,0.7090116493010582,4,68.0,0.16701461116890465,37,3536.0
685.0,215,16193.0,49.671779141104295,2.5713906809687397,3,55.0,0.0,8,1574.0,0.0,7,216.0,0.31897338570823947,0,4.0,0.7746753689950086,6,955.0,0.40302328293447764,4,86.0,0.31619984225736936,2,10.0,0.36013765277142873,6,781.0,0.01691054560983378,1,1.0,0.7140286334590137,2,34.0,0.4790013063997893,39,3716.0
690.0,214,16885.0,51.79447852760736,2.5830565344780285,3,74.0,0.38585940454088047,8,1614.0,0.0,6,204.0,0.2549844207150687,0,0.0,0.1872488884592443,6,951.0,0.36979249383098933,7,119.0,0.267852869222524,3,24.0,0.3020940879705001,7,875.0,0.1404969837048773,0,0.0,0.7523491415956167,2,44.0,0.10364459010232185,42,3905.0
695.0,215,17406.0,53.06707317073171,2.582437295727935,3,85.0,0.0,8,1654.0,0.0,8,210.0,0.27252250534985956,0,0.0,1.0,8,874.0,0.33607698782075884,8,108.0,0.28905959581719526,1,9.0,0.3371146017029551,9,1027.0,0.1093853343850107,0,0.0,0.7892647566080012,2,36.0,7.594907872017941e-06,47,4003.0
700.0,214,17949.0,54.06325301204819,2.7254879623003117,3,100.0,0.0,8,1694.0,0.0,8,191.0,0.23288364087495098,0,0.0,1.0,8,912.0,0.27227904955454946,2,107.0,0.48640627344681564,2,7.0,0.3223157117064414,12,1106.0,0.008540000185825533,0,0.0,0.7531093108862436,2,46.0,0.3203414996462869,45,4163.0
705.0,217,18364.0,55.147147147147145,2.6510517984267206,3,115.0,0.0,8,1734.0,0.0,5,171.0,0.3014054168600258,0,0.0,1.0,9,956.0,3.3675881431880025e-05,2,156.0,0.4370864941316475,2,17.0,0.47174596434414245,13,1090.0,5.6411305158627784e-05,1,2.0,0.6863928888922686,2,56.0,0.5702111602704155,45,4297.0
710.0,199,18796.0,56.275449101796404,2.7288471909799776,3,130.0,0.0,8,1774.0,0.0,3,114.0,0.46811700747439033,0,0.0,1.0,7,956.0,0.113743715351139,5,231.0,0.372511803868402,0,0.0,0.918385400365272,8,1074.0,0.07602588828679613,1,11.0,0.5272568622832146,1,3.0,0.13386498143242637,36,4293.0
715.0,206,19203.0,56.982195845697326,2.7669841432826416,3,145.0,0.0,8,1814.0,0.0,6,119.0,0.25099148599323806,0,4.0,0.9401032872522095,5,962.0,0.3012236933279213,8,284.0,0.389445905049368,0,0.0,0.5518417864626766,9,972.0,0.11132021790589758,2,21.0,0.6831804010262652,2,14.0,0.28853069164257134,43,4335.0
720.0,217,19710.0,58.31360946745562,2.4415994297143095,3,160.0,0.0,8,1858.0,0.05884306768428842,5,141.0,0.30491913515695157,0,148.0,0.5903290152267114,6,972.0,0.1420634031767024,10,330.0,0.19293826967539537,2,13.0,0.2629528515912124,9,1006.0,0.11901382108902668,2,16.0,0.5296690315238871,3,169.0,0.2262465027595008,48,4813.0
725.0,217,20050.0,58.970588235294116,2.088173310709133,1,52.0,0.0,9,1901.0,1.3944534936621645e-06,5,161.0,0.33108234226878486,0,0.0,0.988088742180466,4,790.0,0.10893623315883168,16,320.0,0.013698765543705086,1,8.0,0.47176787916799273,9,1035.0,0.04260500942079349,2,12.0,0.3637195620371245,3,179.0,0.19622322678486265,50,4458.0
730.0,210,20252.0,58.363112391930834,2.527755689575523,1,53.0,0.25626658114155393,9,1946.0,0.0,5,140.0,0.33364653656119714,0,0.0,0.0094042279867449,2,797.0,0.09351570335339929,3,306.0,0.17940854345156917,0,0.0,0.8911291473854931,11,1071.0,0.003428935252188988,5,31.0,0.3560932863396291,4,207.0,0.23780135051251164,40,4551.0
735.0,213,20769.0,59.00284090909091,2.8333972620932824,2,60.0,0.2621047687710882,9,1991.0,0.0,0,116.0,0.48666836249406886,0,0.0,1.0,4,980.0,0.19585813898058138,1,217.0,0.35852288000534477,1,3.0,0.6104922397309385,13,1134.0,8.498272721311468e-05,6,46.0,0.44265131262943286,6,225.0,1.6017856141775708e-05,42,4772.0
740.0,203,21129.0,59.18487394957983,2.6929729953185664,2,65.0,0.0003340221900639031,8,2014.0,0.0,0,53.0,0.6783974713961012,0,0.0,0.9302553695752738,5,1009.0,0.15187499706850693,7,290.0,0.17285287969159333,1,5.0,0.21446461894022018,14,1202.0,0.0008278056564509138,1,50.0,0.49718225749130496,4,223.0,0.14322667902469186,42,4911.0
745.0,217,21738.0,60.720670391061454,2.795534073149779,2,75.0,0.0,8,2054.0,0.0,2,56.0,0.3783065972714459,0,4.0,0.7580527485177543,5,1035.0,0.41013643610016476,11,372.0,0.24262260151347065,3,13.0,0.3792748192797464,11,1110.0,0.02778848754317916,3,33.0,0.3066538262684441,5,217.0,0.0009583393010426088,50,4969.0
750.0,225,22467.0,62.23545706371191,2.4630790392586155,2,85.0,0.0,8,2094.0,0.0,5,74.0,0.14758325062645972,0,0.0,0.12274740164733998,5,1057.0,0.40541268884716963,13,452.0,0.14932888362389565,3,26.0,0.4375873751312984,11,1161.0,0.015019511562816126,5,37.0,0.1362654380736815,5,242.0,0.045519484378780124,57,5228.0
755.0,234,23348.0,64.31955922865014,2.207207900585237,0,0.0,1.0,8,2138.0,0.07679125797385923,6,112.0,0.21572757938981307,0,0.0,0.9192898502854506,6,1098.0,0.2584989052628069,15,446.0,0.17586505550032092,2,35.0,0.34255117040217326,12,1193.0,0.00019387377789062358,2,35.0,0.30460212403962383,4,256.0,0.0,55,5313.0
760.0,235,24220.0,65.63685636856368,2.424216346828272,0,2.0,0.38625134308329384,9,2180.0,4.241688426269326e-06,6,142.0,0.20445306465667362,0,0.0,0.019073609465941315,7,1139.0,0.25262734219300303,4,388.0,0.24055415864676855,3,16.0,0.30216373420650805,12,1253.0,1.1123437848185677e-06,4,45.0,0.0019304386444774309,4,276.0,0.18172836718724023,49,5441.0
765.0,233,25086.0,67.43548387096774,2.541010793977634,1,7.0,0.25222881389470325,9,2225.0,0.0,6,172.0,0.10198452252647242,0,0.0,1.0,5,854.0,0.13991567855402928,1,292.0,0.38804830652846495,3,31.0,0.39071400798156714,12,1313.0,0.0,2,36.0,0.1331396823756604,4,296.0,0.0818582952795808,43,5226.0
770.0,226,25594.0,68.43315508021391,2.4821767961414696,1,6.0,0.46987322651471986,8,2254.0,0.0,8,211.0,0.02982044419246212,0,0.0,1.0,6,1060.0,0.08344040940221334,5,531.0,0.24531166741924743,1,1.0,0.09717672966616413,12,1377.0,0.05009800882720995,2,29.0,2.6677105103739028e-05,1,4.0,0.4902179666462413,44,5473.0
775.0,232,26311.0,70.91913746630728,2.441425562629126,1,7.0,0.0,8,2294.0,0.0,9,254.0,5.113890400886934e-05,0,8.0,0.9353318584348704,6,1082.0,0.3106925674358468,13,518.0,0.17552074074625082,2,10.0,0.4938954821784849,14,1442.0,1.073515507477753e-05,2,39.0,0.31403309506559657,0,187.0,0.6577265838787502,55,5841.0
780.0,241,27300.0,73.19034852546918,2.2430848946290447,1,12.0,0.0,8,2338.0,0.06891731216183944,9,299.0,0.034698560991485314,0,0.0,0.5025446210045047,6,1079.0,0.34476461773067507,18,597.0,0.08811427163543069,4,23.0,0.25734348061961126,12,1333.0,0.008161408890379874,1,23.0,0.47149678804885814,1,165.0,0.4916400867637825,60,5869.0
785.0,236,28058.0,74.62234042553192,2.2437616946568375,0,0.0,1.0,9,2382.0,1.5844181222116398e-06,9,362.0,0.2669236821363689,0,0.0,1.0,5,1089.0,0.1496323949911103,20,488.0,0.04293239294570566,1,8.0,0.44792957083606577,7,1352.0,0.025119036005129606,0,0.0,0.8440466544804183,1,420.0,0.5243498230164502,52,6101.0
790.0,238,28891.0,75.63089005235602,2.4855176494914515,0,0.0,0.09899809956858668,9,2427.0,0.0,10,409.0,0.16144616222762126,0,0.0,1.0,6,1132.0,0.3381115700685224,5,509.0,0.15118087461630333,2,6.0,0.33034922651198617,11,1406.0,0.047197092710506504,0,0.0,0.8619913692688618,5,438.0,0.3944236045716282,48,6327.0
795.0,242,29744.0,77.25714285714285,2.652443328306421,0,0.0,1.0,9,2472.0,0.0,13,468.0,0.06747605969336974,0,0.0,1.0,7,1166.0,0.26883163229103774,1,440.0,0.2673590151995653,2,16.0,0.44910334205204056,11,1456.0,0.0,0,0.0,0.9268399614797453,6,466.0,0.1905648942322885,49,6484.0
800.0,244,30618.0,79.32124352331606,2.337158206284062,1,2.0,0.0008549840030248349,8,2494.0,0.0,13,533.0,0.0,0,0.0,1.0,7,1173.0,0.1304074896255187,4,484.0,0.15764703529434937,2,16.0,0.2799297375361388,10,1331.0,0.04096748952241313,0,0.0,0.9155931663504439,5,51.0,0.35673346341721907,50,6084.0
805.0,245,31409.0,80.95103092783505,2.335121920213889,1,7.0,0.0,8,2534.0,0.0,13,598.0,0.0,0,4.0,0.8510876596712346,6,1198.0,0.3802598595635593,9,558.0,0.1874056690688973,3,27.0,0.3998397807661839,9,1191.0,0.06360682709840099,2,3.0,0.31223720135369115,5,57.0,0.24732625273140907,56,6177.0
810.0,255,32431.0,82.73214285714286,2.1537784007597187,1,12.0,0.0,8,2575.0,0.025658750795630667,13,663.0,0.06893309939486351,0,0.0,0.7221767950330231,6,1215.0,0.36555081896024105,16,631.0,0.1945286534568117,5,49.0,0.2837954998838495,10,1063.0,0.0005884011056527506,1,6.0,0.42136556022472604,5,79.0,0.1482029852342067,65,6293.0
815.0,263,33327.0,84.80152671755725,1.7705012519718635,0,0.0,1.0,9,2617.0,0.07874383980234373,13,728.0,0.06093637210591657,0,0.0,1.0,7,1233.0,0.17314033584173194,18,592.0,0.07361489078558849,4,51.0,0.17907689459044848,8,1111.0,0.012563584169070729,0,0.0,1.0,5,104.0,0.10765772875854913,64,6436.0
820.0,273,34201.0,85.71679197994987,1.8676897252793314,1,2.0,0.24155074378320274,9,2662.0,0.005566420197434205,13,793.0,0.06647425909077513,0,0.0,1.0,9,1271.0,0.20215337924067792,11,546.0,0.17741326985739872,2,42.0,0.2043616477003408,10,1160.0,0.0,0,0.0,1.0,6,135.0,0.3410504402992145,61,6611.0
825.0,286,35287.0,87.99750623441396,1.6815661305832195,1,7.0,0.0,10,2711.0,4.218653536743157e-06,13,868.0,0.07116531751629843,0,0.0,1.0,10,1317.0,0.002115710519174175,5,516.0,0.2081069130365127,6,48.0,0.0033216337299235036,10,1210.0,0.0,0,0.0,0.6575631237919676,7,164.0,0.1634897243206096,62,6841.0
830.0,285,36347.0,89.52463054187191,1.7249774800585937,0,0.0,1.0,9,2743.0,0.0,13,938.0,0.006554246860887129,0,0.0,1.0,8,1329.0,0.11097596449852441,6,575.0,0.12443362524773949,6,70.0,0.2196863370025669,10,1260.0,0.0,0,0.0,0.9076931662930001,6,79.0,0.2644389633065137,58,6994.0
835.0,281,37241.0,91.5012285012285,2.05747462182041,0,0.0,1.0,8,2774.0,0.0,16,1012.0,0.0005107504067710575,0,8.0,0.9548253983818638,5,1337.0,0.2915855595756236,10,869.0,0.10599570453172086,4,82.0,0.2660623330841002,10,1310.0,0.0,0,0.0,0.9424170840254329,6,49.0,0.20505768203606423,59,7441.0
840.0,289,38338.0,93.9656862745098,1.7066969750064276,0,0.0,0.061514202224191544,8,2814.0,0.0,16,1092.0,9.165237278067443e-07,1,9.0,0.23605737038556449,5,1352.0,0.44755273663677375,15,996.0,0.04402730274854104,4,92.0,0.17556467454949942,10,1360.0,0.0,0,0.0,0.4673205567344041,7,82.0,0.0028286160466845386,66,7797.0
845.0,293,39291.0,96.30147058823529,1.4850824609247655,1,4.0,8.89788324731055e-05,8,2854.0,0.0,16,1172.0,0.0,5,29.0,0.0003744272223375518,4,1094.0,0.24980402871670943,16,978.0,0.004786051327692519,2,29.0,0.026344690134573558,10,1410.0,0.0,1,2.0,0.005125498834865133,6,664.0,0.19302671527610557,69,8236.0
850.0,285,39856.0,96.7378640776699,1.7633412817808032,1,9.0,0.0,8,2894.0,0.0,16,1252.0,0.0,5,56.0,0.08548548122232424,2,1106.0,0.09497469532396748,10,916.0,0.10191198210682494,4,31.0,0.21530846690369826,10,1460.0,0.0,0,4.0,0.8684347764423006,3,287.0,0.28683918640035594,59,8015.0
855.0,292,40693.0,97.58513189448442,1.7744438935937172,1,14.0,0.0,8,2934.0,0.0,16,1332.0,0.0,3,39.0,0.25182737631920454,6,1392.0,0.01023476266074077,2,722.0,0.2219426900212487,5,60.0,0.24459794715592137,10,1510.0,0.0,0,4.0,0.8864073427223275,5,281.0,0.13899302579389697,56,8288.0
860.0,285,41324.0,98.62529832935562,1.7381838748247016,1,19.0,0.0,8,2974.0,0.0,16,1412.0,0.05256104870941451,0,15.0,0.382296187700362,6,1403.0,0.13508110269811985,4,798.0,0.2334639114852853,3,43.0,0.16003022786916105,10,1560.0,0.0,0,4.0,0.8727392860726824,4,298.0,0.16707276887392125,52,8526.0
865.0,295,42265.0,99.91725768321513,1.6831060885542937,1,24.0,0.0,8,3014.0,0.0,16,1492.0,0.05720426766324952,1,4.0,0.0,5,1419.0,0.16110689310313994,9,871.0,0.14815873107709815,2,32.0,0.3015131476523151,11,1611.0,0.00038664823073115696,0,4.0,0.6767610676007136,9,340.0,0.08260677672635752,62,8811.0
870.0,307,42592.0,100.2164705882353,1.5512795735587444,1,29.0,0.0,8,3058.0,0.08320306713142575,16,1572.0,0.05157410719977566,0,0.0,1.0,6,1446.0,0.00031648064253747636,14,928.0,0.015127616102869843,2,32.0,0.42430130943901,8,1093.0,0.0,3,12.0,0.5669032274968289,12,391.0,0.07031392695400639,70,8561.0
875.0,298,41902.0,97.44651162790697,1.4605733270731818,0,0.0,0.48819250295328476,10,3101.0,0.0010107148277682689,16,1652.0,0.0,0,0.0,1.0,5,1471.0,0.1583413292172905,16,874.0,0.00012750334593245098,2,32.0,0.31463902935562976,8,1290.0,0.0011421559183341205,2,14.0,0.4653281580610715,10,405.0,0.11164807814441768,69,8839.0
880.0,301,42142.0,97.55092592592592,1.4118659671490301,1,1.0,0.003583908410357301,10,3151.0,2.6244162627266638e-06,16,1732.0,0.0,0,4.0,0.784589716987173,6,1615.0,0.4345279974084479,5,795.0,0.09249376519426981,6,40.0,0.14501725066696322,3,1162.0,0.13212164883793978,0,11.0,0.5375024822913955,7,408.0,0.0907537758849135,54,8919.0
885.0,306,42539.0,97.79080459770115,1.8018010189563243,1,6.0,0.5,10,3201.0,0.0,16,1812.0,0.0,0,0.0,0.9405944057670583,2,1214.0,0.3923607711697543,0,736.0,0.28773479316911305,8,72.0,0.0006524097574115269,3,875.0,0.15978273893391984,1,12.0,0.571661695860111,7,385.0,0.19607933996633198,48,8313.0
890.0,299,41831.0,95.07045454545455,1.714249669108715,2,13.0,0.001865450748584477,9,3230.0,0.0,13,1717.0,0.03274389085649863,0,0.0,0.6520299787351811,3,1564.0,0.33327192625612967,3,797.0,0.21937483481850328,5,57.0,0.21107350221694382,2,1034.0,0.1328193763783504,0,13.0,0.5394115208109634,8,414.0,0.1450907465454587,45,8839.0
895.0,295,40735.0,91.95259593679458,1.8399277203155595,2,23.0,0.0,8,3254.0,0.0,8,1454.0,0.11529618102445285,0,0.0,1.0,7,1614.0,0.3632377163149935,7,865.0,0.082775113702607,2,55.0,0.1397552788622244,4,1445.0,0.1892653408249608,3,327.0,0.22819448729547756,10,467.0,0.19646090276702058,51,9504.0
900.0,302,41544.0,93.14798206278027,1.8556863237884305,2,33.0,0.3004844906126282,8,3298.0,0.07809988232028175,5,1484.0,0.15936279721492883,0,0.0,1.0,9,1656.0,0.24056799878992627,13,916.0,0.040642795001875134,1,48.0,0.25291981041685796,9,1510.0,6.368476433543392e-05,4,347.0,0.18856346706247534,11,516.0,0.08440759187863589,62,9808.0
905.0,298,41738.0,92.75111111111111,1.8075350482959336,1,17.0,0.6333885121560258,9,3340.0,1.0981197379691925e-05,4,1504.0,0.24374373271995844,0,0.0,1.0,9,1661.0,0.008838970507896051,14,863.0,0.0619467390483266,3,49.0,0.17559781970337618,10,1949.0,0.04602165533043454,2,333.0,0.005955277280302741,7,175.0,0.10702489983711083,59,9891.0
910.0,293,41160.0,91.06194690265487,2.0923969599097676,1,22.0,0.5117183244034619,9,3385.0,0.0,9,1554.0,0.23496099000801113,0,8.0,0.7005017661231407,5,1659.0,0.3305400810780553,4,538.0,0.28714968693014165,6,79.0,0.09658098726715876,10,1845.0,0.0,1,323.0,0.25595149942938134,5,328.0,0.2640851168087351,50,9741.0
915.0,293,39859.0,88.37915742793791,1.8638896347967513,1,27.0,0.13450455463455802,9,3430.0,0.0,10,1595.0,0.09690748862907081,1,9.0,0.283857535421365,5,1679.0,0.15330081118130504,1,654.0,0.3050091583324549,11,127.0,0.0002878302308882488,10,1895.0,0.0,1,315.0,0.4572550495407318,7,169.0,0.19210073992154283,56,9900.0
920.0,293,37603.0,82.82599118942731,1.7986686165999313,1,2.0,0.002402613559469909,8,3454.0,0.0,9,1486.0,0.15311369201901176,6,31.0,0.13403204969172686,5,1737.0,0.348050906695097,8,888.0,0.1980973366422758,8,124.0,0.0,7,1500.0,0.010523375519427395,0,0.0,0.9336268407361337,9,878.0,0.27442321808386183,61,10100.0
925.0,287,36122.0,78.52608695652174,1.8811153068819513,1,3.0,0.3329232704291966,8,3494.0,0.0,5,1367.0,0.225846537965185,7,65.0,0.11044816612833391,5,1752.0,0.49175842633739014,14,1007.0,0.1269669978936177,2,107.0,0.16592985442663163,8,1870.0,0.09014481390222874,0,0.0,0.8939084932336994,12,470.0,0.027441677991972675,62,10135.0
930.0,290,36336.0,78.47948164146868,1.9707376141552908,1,8.0,0.0,8,3534.0,0.0,6,1396.0,0.267606646396381,5,61.0,0.027636899523294126,7,1778.0,0.22040638287676853,19,1126.0,0.1046787208506208,0,61.0,0.40111493292156086,8,1592.0,0.0664932486086931,0,310.0,0.6083986082115086,13,616.0,0.08589423389129007,67,10482.0
935.0,300,36663.0,79.529284164859,1.925783930532401,1,13.0,0.0,8,3574.0,0.0,7,1513.0,0.293391055491775,1,42.0,0.3558651699041509,6,2104.0,0.23958382003720743,20,1121.0,0.11559951137766139,1,63.0,0.22703696332638593,9,1752.0,0.0004879553028612037,0,310.0,0.9214834330906022,15,631.0,0.03282114727287169,68,11123.0
940.0,312,37752.0,81.5377969762419,1.7030564489799658,1,18.0,0.0,8,3614.0,0.0,10,1722.0,0.1551188938275729,1,9.0,0.4675572612131298,5,1803.0,0.1325439056391114,17,1195.0,0.1236504833779476,4,75.0,0.1397989586559002,4,1589.0,0.10889523838645024,0,314.0,0.6807710844889865,14,756.0,0.09612976223936584,64,11095.0
945.0,329,39014.0,83.90107526881721,1.753970142350227,1,23.0,0.5,8,3654.0,0.0,14,1785.0,0.008330543478276317,0,0.0,0.012279019551203328,5,1828.0,0.34412894889015316,17,1328.0,0.11281893172407846,7,106.0,0.03504437993853284,4,1085.0,0.175051022466292,1,311.0,0.7595599841485579,16,820.0,0.08706528668012103,73,10940.0
950.0,322,39997.0,85.8304721030043,1.6055557497375492,0,0.0,0.02128738310786811,8,3694.0,0.0,14,1524.0,0.030709969111738376,0,0.0,1.0,5,1857.0,0.27550744923839454,25,1575.0,0.0519978285415801,7,105.0,0.10870557404687348,2,1144.0,0.1171809697835002,0,315.0,0.5040010981118285,17,755.0,0.05146074689355213,78,10969.0
955.0,312,40822.0,86.85531914893618,1.6920818395486323,1,5.0,0.0,8,3734.0,0.0,10,1423.0,0.10957111593957544,0,4.0,0.8544565244813147,6,1902.0,0.3087575312631039,26,1747.0,0.004761730017569406,3,101.0,0.16941026805021428,7,1243.0,0.058852595037221025,1,2.0,0.24591376508589197,11,742.0,0.1663398700226152,73,10903.0
960.0,324,42103.0,89.58085106382978,1.6318848634309417,1,10.0,0.0,8,3774.0,0.0,5,1442.0,0.17673904088097955,0,0.0,0.5712954426933807,7,1928.0,0.38513223487174447,30,1891.0,0.0005329234315548987,1,54.0,0.4048756733449492,9,1259.0,0.00010116442110950317,1,7.0,0.5388926166209661,11,679.0,0.23571463339624596,73,11044.0
965.0,337,43287.0,91.13052631578947,1.359266394713888,1,1.0,0.011605650867035936,8,3814.0,0.0,4,1444.0,0.21554335842487635,0,0.0,0.8120165126089898,6,1943.0,0.3388493269368249,30,1940.0,2.3248707896132076e-06,1,53.0,0.13422950405905756,8,1120.0,0.0023173912869113166,1,2.0,0.4909608581651246,10,251.0,0.06251729374992426,69,10568.0
970.0,341,44425.0,92.93933054393305,1.5647291293783177,1,6.0,0.0,8,3854.0,0.0,8,1671.0,0.1570266296579849,1,9.0,0.6067875302392557,6,1977.0,0.3022416281815409,25,1984.0,0.060282563009888726,4,66.0,0.1597898482291708,4,1092.0,0.10185278727192867,1,13.0,0.7024565613683345,11,431.0,0.077430776819695,69,11103.0
975.0,341,45567.0,95.1294363256785,1.5173299988238025,1,11.0,0.4985854067564159,8,3894.0,0.0,9,1651.0,0.0983488742246028,1,10.0,0.1929558009476259,7,2015.0,0.2520734414167267,24,2101.0,0.03148576179895694,5,89.0,1.5255733760326842e-05,4,998.0,0.13192447166185028,1,18.0,0.7364342719598868,12,440.0,0.06139225330207237,72,11227.0
980.0,342,46261.0,96.17671517671518,1.506284266049142,0,0.0,0.899456771339557,8,3934.0,0.0,8,1366.0,0.14334256967284995,4,26.0,0.00046747058578112656,6,2016.0,0.27027511876572446,28,2292.0,0.0037299980775403058,4,84.0,0.0,4,1013.0,0.15159957211403094,0,10.0,0.7414546723499756,13,425.0,0.10174774523848493,75,11166.0
985.0,341,46902.0,96.90495867768595,1.6199294078545394,0,0.0,0.8625767695914494,8,3974.0,0.0,6,1251.0,0.2757160128329739,4,50.0,0.1638870483663129,7,2038.0,0.3996140608353562,32,2502.0,0.0002327099177376042,0,65.0,0.3130235460000515,7,1063.0,0.01691287920077072,1,10.0,0.5365955170838737,10,433.0,0.133321660751654,75,11386.0
990.0,335,47750.0,98.65702479338843,1.6017901758337239,0,0.0,0.016188930949367734,8,4014.0,0.0,1,1140.0,0.3517034290366628,3,32.0,0.017718429768219114,8,2074.0,0.24686474633402344,32,2662.0,1.2565765400852012e-05,0,19.0,0.7734925424558372,9,1106.0,0.0011284784196485833,4,22.0,0.30423901846756274,9,473.0,0.0785587054647845,74,11542.0
995.0,341,48371.0,99.32443531827515,1.4467482980928972,2,1.0,0.0033058751618257644,8,4054.0,0.0,4,1270.0,0.29633841829554813,0,6.0,0.6127438589118861,6,2088.0,0.059894158040250285,32,2822.0,2.444620840085552e-07,1,25.0,0.5082658602885495,9,1130.0,0.0359149040847837,5,34.0,0.3244403835540047,8,442.0,0.11627611320105449,75,11872.0
1000.0,353,48998.0,99.79226069246435,1.5010028504593924,1,6.0,0.0,8,4094.0,0.0,7,1518.0,0.17052848296840303,0,1.0,0.9380624744667604,6,2115.0,0.1975166471558915,32,2982.0,0.0,3,35.0,0.2244372401072001,6,1121.0,0.08115873627198197,2,51.0,0.47013454072809663,9,374.0,0.12896802547292904,74,12297.0
