step,system_total_stopped,system_total_waiting_time,system_mean_waiting_time,system_mean_speed,t_stopped,t_accumulated_waiting_time,t_average_speed,agents_total_stopped,agents_total_accumulated_waiting_time
0.0,0,0.0,0.0,0.0,0,0.0,1.0,0,0.0
5.0,0,0.0,0.0,5.882342511826816,0,0.0,0.413673462816065,0,0.0
10.0,0,0.0,0.0,12.25008961266194,0,0.0,0.8613084154509111,0,0.0
15.0,0,0.0,0.0,8.886496187531275,0,0.0,0.5936919255547028,0,0.0
20.0,8,18.0,0.75,5.046634931724944,8,18.0,0.323482123869703,8,18.0
25.0,14,66.0,2.5384615384615383,5.252663819849355,14,66.0,0.3473726947649802,14,66.0
30.0,14,123.0,4.392857142857143,4.387859214366219,14,123.0,0.2624298528293708,14,123.0
35.0,18,205.0,7.068965517241379,4.031042622326961,18,205.0,0.21155445556445107,18,205.0
40.0,24,259.0,6.475,2.8531829464078307,24,259.0,0.16682757654386157,24,259.0
45.0,14,250.0,6.25,5.151151006126847,14,299.0,0.3359592176011101,14,299.0
50.0,16,322.0,7.318181818181818,5.558612789422213,16,322.0,0.2590331827323284,16,322.0
55.0,25,343.0,7.456521739130435,3.835010797379803,25,343.0,0.1523095684199681,25,343.0
60.0,18,183.0,4.066666666666666,4.000693898889312,18,371.0,0.18777949992420565,18,371.0
65.0,16,221.0,4.804347826086956,5.1119829774575996,16,297.0,0.23836913837177395,16,297.0
70.0,17,302.0,6.565217391304348,6.770187680228163,17,322.0,0.3241423549967098,17,322.0
75.0,21,399.0,8.3125,5.428176816204721,21,399.0,0.20997747114998871,21,399.0
80.0,23,458.0,9.16,4.9654158993782795,23,458.0,0.2509036643491915,23,458.0
85.0,29,559.0,11.408163265306122,4.332677492975559,29,559.0,0.23257872842191119,29,559.0
90.0,32,698.0,14.541666666666666,2.6086730019799056,32,698.0,0.09055440764283504,32,698.0
95.0,34,844.0,16.88,2.5709456129990396,34,844.0,0.12812174162716763,34,844.0
100.0,33,943.0,18.134615384615383,2.2851057036808813,33,963.0,0.112145640560581,33,963.0
105.0,32,1100.0,20.37037037037037,4.036343165666584,32,1100.0,0.18290861282518575,32,1100.0
110.0,35,1269.0,21.15,3.4290227875432775,35,1269.0,0.12086954237672637,35,1269.0
115.0,40,1454.0,23.83606557377049,3.7003428447675177,40,1454.0,0.1663961416987392,40,1454.0
120.0,40,1649.0,29.446428571428573,3.232945215177762,40,1649.0,0.1780520317366925,40,1649.0
125.0,46,1652.0,28.0,0.9810115755697109,46,1652.0,0.059710584308361334,46,1652.0
130.0,42,1412.0,22.41269841269841,2.3652819477433167,42,1724.0,0.12154804526660862,42,1724.0
135.0,43,1606.0,24.333333333333332,3.3334874283131506,43,1630.0,0.12167442374625743,43,1630.0
140.0,48,1664.0,24.470588235294116,2.505887754526392,48,1688.0,0.07238317581432223,48,1688.0
145.0,50,1123.0,16.514705882352942,1.8382509861572118,50,1755.0,0.06257205593677537,50,1755.0
150.0,39,805.0,11.5,3.571654057671119,39,1488.0,0.14717104973761178,39,1488.0
155.0,33,573.0,8.552238805970148,3.9778856234366438,33,1571.0,0.21553657855240496,33,1571.0
160.0,30,412.0,6.242424242424242,2.5155293560408776,30,1652.0,0.12427594202662061,30,1652.0
165.0,38,588.0,8.647058823529411,2.882362698587555,38,1800.0,0.11227396286102188,38,1800.0
170.0,48,809.0,11.557142857142857,1.8244180702140622,48,2021.0,0.057308280748718195,48,2021.0
175.0,56,1001.0,14.720588235294118,1.0932071791017444,56,2201.0,0.06275522077674463,56,2201.0
180.0,55,1132.0,16.17142857142857,1.1877897933656176,55,2383.0,0.04238603330096398,55,2383.0
185.0,62,1429.0,17.426829268292682,2.0146682705543655,62,2620.0,0.05221480879942385,62,2620.0
190.0,64,1748.0,22.41025641025641,1.9384810536224415,64,2939.0,0.09374100625620665,64,2939.0
195.0,66,1997.0,26.276315789473685,0.7549567235249706,66,3050.0,0.0547053159416431,66,3050.0
200.0,60,1910.0,23.875,1.0528393661548763,60,3149.0,0.038999818656720246,60,3149.0
205.0,59,1884.0,22.975609756097562,2.2442553470741817,59,2864.0,0.06896405430741362,59,2864.0
210.0,48,1806.0,22.024390243902438,2.375018498486354,48,3060.0,0.09303107492151913,48,3060.0
215.0,46,1735.0,22.532467532467532,1.9187606648328592,46,3265.0,0.07404568817079642,46,3265.0
220.0,57,1988.0,23.666666666666668,1.7267329144384012,57,3520.0,0.06208773801685488,57,3520.0
225.0,62,2258.0,26.564705882352943,1.7992851608888245,62,3616.0,0.0872987863804396,62,3616.0
230.0,58,2433.0,28.964285714285715,1.7485005086486693,58,3728.0,0.08255978848639156,58,3728.0
235.0,62,2634.0,29.931818181818183,1.7881914807625696,62,3520.0,0.04320136493419236,62,3520.0
240.0,56,2832.0,32.93023255813954,1.9657892236119414,56,3804.0,0.07270042876617237,56,3804.0
245.0,54,3037.0,36.59036144578313,1.9939442423274663,54,4071.0,0.08236159312684758,54,4071.0
250.0,58,3316.0,40.93827160493827,1.4356188177790026,58,4350.0,0.0489869362990011,58,4350.0
255.0,63,3596.0,42.80952380952381,0.7469562221793107,63,4480.0,0.0314316680171418,63,4480.0
260.0,60,3778.0,42.449438202247194,1.7033627983258701,60,4619.0,0.09182764931412143,60,4619.0
265.0,60,3993.0,44.36666666666667,2.412566548931948,60,4503.0,0.10140970666044606,60,4503.0
270.0,58,3932.0,44.17977528089887,1.7566014862714803,58,4510.0,0.056512677017003514,58,4510.0
275.0,46,2791.0,32.08045977011494,2.136892534586492,46,4482.0,0.08581068763080398,46,4482.0
280.0,46,2019.0,24.035714285714285,2.8981480855500172,46,4047.0,0.12245154525681422,46,4047.0
285.0,41,1374.0,16.75609756097561,2.209974363930372,41,3998.0,0.09408894833514743,41,3998.0
290.0,39,838.0,9.632183908045977,2.1409417596849094,39,4008.0,0.09077266580942131,39,4008.0
295.0,41,943.0,10.477777777777778,2.9599553346355907,41,3961.0,0.13152951976610489,41,3961.0
300.0,46,1023.0,11.0,2.6004128211464543,46,4119.0,0.12235497742840562,46,4119.0
305.0,49,1175.0,13.055555555555555,1.8240978240738523,49,4319.0,0.06828685083537686,49,4319.0
310.0,62,1459.0,15.858695652173912,1.414903976404964,62,4604.0,0.04604016634640513,62,4604.0
315.0,71,1771.0,19.043010752688172,1.208019386008417,71,4860.0,0.042126124812326034,71,4860.0
320.0,68,1985.0,22.055555555555557,1.0905786418748784,68,5081.0,0.04156419617093008,68,5081.0
325.0,68,2225.0,23.177083333333332,1.7581755980631961,68,5232.0,0.041608000004529376,68,5232.0
330.0,61,2470.0,25.20408163265306,2.1609793003292945,61,5546.0,0.09215548697327743,61,5546.0
335.0,61,2739.0,29.138297872340427,1.905675907724529,61,5856.0,0.09260240860933674,61,5856.0
340.0,72,3078.0,33.45652173913044,1.1005947923526695,72,6195.0,0.03966893491896803,72,6195.0
345.0,77,3158.0,33.242105263157896,0.6194559089538038,77,6275.0,0.022290658612100524,77,6275.0
350.0,74,2465.0,25.412371134020617,1.2306227832992727,74,6355.0,0.05183274226984147,74,6355.0
355.0,71,2566.0,26.183673469387756,2.0472365416300424,71,6095.0,0.06003053786323296,71,6095.0
360.0,78,2943.0,30.65625,1.455491644169341,78,6473.0,0.029653230356575744,78,6473.0
365.0,82,3347.0,34.864583333333336,0.8513278128363909,82,6877.0,0.03034285946707021,82,6877.0
370.0,86,3773.0,40.138297872340424,1.0337627715464055,86,7303.0,0.060430825897101935,86,7303.0
375.0,86,4173.0,45.358695652173914,0.27724583352033694,86,7547.0,0.01733245146623195,86,7547.0
380.0,80,4472.0,47.57446808510638,0.791488283029458,80,7836.0,0.02741123584680776,80,7836.0
385.0,78,4856.0,51.659574468085104,1.8706403381805903,78,7994.0,0.0475740598508103,78,7994.0
390.0,78,5223.0,56.77173913043478,1.3919433934082388,78,8361.0,0.023560792417980488,78,8361.0
395.0,80,5623.0,63.89772727272727,0.9849037895785973,80,8761.0,1.0249918693305071e-06,80,8761.0
400.0,82,6023.0,66.92222222222222,0.8166190873681566,82,9161.0,0.020913669703733685,82,9161.0
405.0,78,6182.0,69.46067415730337,1.230059834095297,78,9069.0,0.05956517237231526,78,9069.0
410.0,68,5372.0,62.46511627906977,1.4055138459083028,68,8490.0,0.05834896173127376,68,8490.0
415.0,66,4664.0,53.0,1.982231643662589,66,7913.0,0.043983233322260895,66,7913.0
420.0,56,3944.0,45.86046511627907,3.2753053707584345,56,6940.0,0.09538918708083552,56,6940.0
425.0,48,3237.0,40.4625,2.829999767994739,48,7112.0,0.12117952252649865,48,7112.0
430.0,49,3346.0,44.026315789473685,2.174304806701688,49,7269.0,0.10894638592697624,49,7269.0
435.0,58,3612.0,44.048780487804876,1.9632013142756581,58,7481.0,0.06296111004545257,58,7481.0
440.0,60,3875.0,45.05813953488372,2.400652413190533,60,7333.0,0.09319399081626589,60,7333.0
445.0,56,4031.0,49.15853658536585,1.8230737374436987,56,6986.0,0.08874352499362291,56,6986.0
450.0,57,4229.0,50.345238095238095,2.118248543895114,57,6244.0,0.04929061656344345,57,6244.0
455.0,57,4186.0,48.674418604651166,2.126822485692473,57,6221.0,0.06841833525004583,57,6221.0
460.0,43,3145.0,39.3125,2.2260857207482028,43,6010.0,0.10529325972408449,43,6010.0
465.0,41,2270.0,28.375,2.6115978454943316,41,5484.0,0.09798836455056337,41,5484.0
470.0,44,1384.0,16.28235294117647,2.212474618932488,44,5272.0,0.09166817203072043,44,5272.0
475.0,36,517.0,6.011627906976744,2.6814484891634365,36,5191.0,0.13710143243063033,36,5191.0
480.0,40,604.0,7.023255813953488,3.2235493173673078,40,4571.0,0.14843568060184897,40,4571.0
485.0,48,746.0,8.477272727272727,3.0210822638709094,48,4482.0,0.10647582077016021,48,4482.0
490.0,43,861.0,10.011627906976743,2.6476862056794723,43,4355.0,0.11765361830843746,43,4355.0
495.0,46,897.0,10.678571428571429,2.3534995849415803,46,4267.0,0.12613175694280201,46,4267.0
500.0,49,1007.0,11.709302325581396,2.5027423918828346,49,3609.0,0.08838581070901419,49,3609.0
505.0,47,1072.0,12.044943820224718,2.2111719249713566,47,3781.0,0.08318765679539922,47,3781.0
510.0,41,1067.0,11.725274725274724,2.366014942631409,41,3928.0,0.1188317062745939,41,3928.0
515.0,44,1199.0,13.032608695652174,3.1177350511669144,44,3967.0,0.14293632528675007,44,3967.0
520.0,51,1225.0,12.894736842105264,2.1895107425799436,51,4058.0,0.0830530994062426,51,4058.0
525.0,48,1139.0,12.117021276595745,1.7465265338786653,48,4167.0,0.0822434042080906,48,4167.0
530.0,61,1416.0,14.75,2.2859703220778353,61,4292.0,0.07919245447766642,61,4292.0
535.0,73,1699.0,17.515463917525775,1.2311523280136627,73,4292.0,0.022364454642865825,73,4292.0
540.0,70,1779.0,18.726315789473684,1.1840469615559432,70,4308.0,0.028752783541494055,70,4308.0
545.0,68,1874.0,18.74,1.960174698648075,68,3660.0,0.058522804353785415,68,3660.0
550.0,66,1748.0,17.656565656565657,2.4237229723659737,66,3717.0,0.09687575010112942,66,3717.0
555.0,56,1003.0,10.670212765957446,2.0766429888947124,56,3776.0,0.0862228692487453,56,3776.0
560.0,60,1169.0,12.436170212765957,2.251328947793785,60,3544.0,0.07991956093567931,60,3544.0
565.0,66,1481.0,15.589473684210526,2.405706882345595,66,3679.0,0.07988039838215459,66,3679.0
570.0,69,1749.0,18.806451612903224,1.7141797180887375,69,3904.0,0.029939403879448878,69,3904.0
575.0,73,2050.0,22.77777777777778,1.4736356293268014,73,4231.0,0.01797931646126666,73,4231.0
580.0,81,2437.0,26.78021978021978,1.1541131351318863,81,4592.0,0.019111338244955426,81,4592.0
585.0,77,2697.0,29.966666666666665,1.436360677826928,77,4805.0,0.061787964068394645,77,4805.0
590.0,68,2430.0,28.25581395348837,1.3972537942891767,68,4920.0,0.06913612509128164,68,4920.0
595.0,65,2220.0,25.227272727272727,1.8873143121928835,65,4850.0,0.046003256313003,65,4850.0
600.0,56,1937.0,22.523255813953487,2.0517715021003133,56,5079.0,0.0737892805585571,56,5079.0
605.0,50,1670.0,20.617283950617285,2.125752154225518,50,5283.0,0.09465274343418612,50,5283.0
610.0,56,1938.0,24.225,1.9108352159815822,56,5533.0,0.04556838261038652,56,5533.0
615.0,61,2187.0,25.430232558139537,1.3698345817939332,61,5782.0,0.0326722576681625,61,5782.0
620.0,64,2451.0,28.5,1.7494842812200848,64,6046.0,0.06695035939497933,64,6046.0
625.0,73,2795.0,32.5,1.5788063213530745,73,6392.0,0.06832231641402027,73,6392.0
630.0,76,3109.0,37.45783132530121,0.7004603439526699,76,6554.0,0.010058454049491385,76,6554.0
635.0,68,3184.0,37.904761904761905,1.3117351037878682,68,6717.0,0.038565189381475844,68,6717.0
640.0,59,3274.0,39.926829268292686,2.2426060713199227,59,6461.0,0.06523272917689936,59,6461.0
645.0,50,3307.0,41.3375,2.133534064209014,50,6700.0,0.06933711519126888,50,6700.0
650.0,47,3369.0,43.19230769230769,1.733208608815898,47,6939.0,0.06548818825576072,47,6939.0
655.0,53,3624.0,45.3,1.9423160825619448,53,7194.0,0.10079339027758094,53,7194.0
660.0,61,3908.0,48.24691358024691,1.597559073128132,61,7478.0,0.09697974940072625,61,7478.0
665.0,65,4184.0,51.02439024390244,0.42374715983417083,65,7572.0,0.02903259177706491,65,7572.0
670.0,68,4338.0,50.44186046511628,0.8881708189002794,68,7583.0,0.025080939864366512,68,7583.0
675.0,64,4544.0,52.83720930232558,2.172843877509837,64,7499.0,0.06808270600300598,64,7499.0
680.0,54,4705.0,56.01190476190476,2.9055674424924343,54,7307.0,0.08714199805799044,54,7307.0
685.0,52,4592.0,56.0,2.2765784427589857,52,6872.0,0.0925636479546391,52,6872.0
690.0,44,3471.0,42.329268292682926,2.9264394750001066,44,6223.0,0.1454239699416838,44,6223.0
695.0,42,2370.0,28.55421686746988,3.46463361044315,42,5215.0,0.15327935336466794,42,5215.0
700.0,39,1471.0,17.72289156626506,2.3803926277567014,39,5344.0,0.0918569822477065,39,5344.0
705.0,45,639.0,7.698795180722891,1.8435773312577175,45,5514.0,0.07767504999877119,45,5514.0
710.0,59,900.0,10.588235294117647,1.685186098992724,59,5775.0,0.06331513062797155,59,5775.0
715.0,67,1219.0,14.011494252873563,1.302615745277915,67,6095.0,0.044938470506841105,67,6095.0
720.0,74,1402.0,16.49411764705882,0.18807513556157654,74,6278.0,0.010216471784057704,74,6278.0
725.0,75,1458.0,15.51063829787234,1.083168880628144,75,6531.0,0.04893919868115607,75,6531.0
730.0,78,1838.0,19.5531914893617,2.212265625614972,78,6714.0,0.06314671410694699,78,6714.0
735.0,76,2197.0,23.880434782608695,1.5786279566035957,76,7073.0,0.025325155610893196,76,7073.0
740.0,80,2588.0,29.40909090909091,0.8013774019543944,80,7464.0,0.0028753502853002206,80,7464.0
745.0,80,2988.0,34.74418604651163,0.9532439496092312,80,7864.0,0.022641542543558164,80,7864.0
750.0,80,3388.0,40.333333333333336,0.6132987545472994,80,8264.0,0.02268088532445493,80,8264.0
755.0,80,3648.0,44.48780487804878,0.04838433521901268,80,8336.0,8.464096588530267e-06,80,8336.0
760.0,72,3337.0,37.92045454545455,1.0296865294588948,72,8435.0,0.03870917822605856,72,8435.0
765.0,62,3139.0,35.67045454545455,2.715875533615888,62,8128.0,0.10095344002351823,62,8128.0
770.0,52,2722.0,32.023529411764706,2.540567502263635,52,8343.0,0.10770078332201027,52,8343.0
775.0,52,2416.0,29.463414634146343,1.8145027101905082,52,8532.0,0.07253180556771396,52,8532.0
780.0,56,2682.0,32.707317073170735,2.156189892479606,56,8798.0,0.05975069618837027,56,8798.0
785.0,61,2807.0,34.65432098765432,1.3756482377491783,61,8583.0,0.04651055010161223,61,8583.0
790.0,57,2267.0,28.3375,0.9705520066547433,57,8120.0,0.028183313494362844,57,8120.0
795.0,58,1829.0,21.267441860465116,2.271420772028215,58,7187.0,0.05876560698516289,58,7187.0
800.0,52,1394.0,16.209302325581394,3.676339078583042,52,6289.0,0.14078600291015553,52,6289.0
805.0,44,947.0,11.8375,3.227796551883975,44,6018.0,0.15909441074698322,44,6018.0
810.0,41,822.0,10.675324675324676,2.711176255535603,41,5864.0,0.1302727483456396,41,5864.0
815.0,39,722.0,9.025,2.862109282023012,39,5518.0,0.10629740980981874,39,5518.0
820.0,38,562.0,6.938271604938271,2.7184241334550405,38,5580.0,0.12003635165915753,38,5580.0
825.0,36,334.0,4.282051282051282,2.191036500796073,36,5656.0,0.10320834934175126,36,5656.0
830.0,48,551.0,6.559523809523809,2.0912275951128354,48,5779.0,0.051820678510808106,48,5779.0
835.0,59,770.0,8.555555555555555,2.0303080644040845,59,5540.0,0.07430582794985031,59,5540.0
840.0,58,793.0,9.114942528735632,2.170978628132488,58,5362.0,0.09954114557801616,58,5362.0
845.0,56,882.0,10.255813953488373,1.9788856701002462,56,4255.0,0.04868490456969534,56,4255.0
850.0,56,900.0,10.465116279069768,1.9790496432986935,56,4472.0,0.06541423107685365,56,4472.0
855.0,47,870.0,10.875,2.084361095927253,47,4643.0,0.10215859785595813,47,4643.0
860.0,53,1124.0,14.05,1.9349236350860823,53,4875.0,0.060021810455218816,53,4875.0
865.0,63,1321.0,15.011363636363637,1.4227759483432507,63,4856.0,0.023697088949113997,63,4856.0
870.0,58,1181.0,13.732558139534884,1.6951746067151396,58,4855.0,0.07508518091211175,58,4855.0
875.0,55,1090.0,12.674418604651162,2.7459448293671236,55,4318.0,0.11134264606730633,55,4318.0
880.0,50,932.0,11.095238095238095,2.4182200473754256,50,4510.0,0.09177243800861917,50,4510.0
885.0,50,844.0,10.55,1.8978899312844892,50,4722.0,0.06880775358100638,50,4722.0
890.0,56,1110.0,13.875,1.7696458707214184,56,4988.0,0.06821070831528278,56,4988.0
895.0,63,1406.0,17.146341463414632,1.132087668595884,63,5284.0,0.04564732767492338,63,5284.0
900.0,67,1633.0,20.160493827160494,0.26556543314355946,67,5058.0,0.010217397882600966,67,5058.0
905.0,65,1493.0,16.96590909090909,1.1341900840998536,65,4939.0,0.052060495849821524,65,4939.0
910.0,61,1404.0,15.954545454545455,2.6854067641006028,61,4517.0,0.11241443213684377,61,4517.0
915.0,54,1275.0,14.825581395348838,2.310570092202865,54,4734.0,0.09309329932574319,54,4734.0
920.0,49,1083.0,13.207317073170731,1.9305588120383932,49,4921.0,0.06984408650236328,49,4921.0
925.0,57,1349.0,16.451219512195124,1.9713778114586202,57,5187.0,0.0642214370915364,57,5187.0
930.0,64,1651.0,20.134146341463413,1.3228523450381373,64,5489.0,0.04636459145329418,64,5489.0
935.0,67,1940.0,23.658536585365855,0.5040899733043157,67,5488.0,0.016566209775577177,67,5488.0
940.0,67,2094.0,23.795454545454547,1.0125742804406472,67,5647.0,0.04189592289659233,67,5647.0
945.0,62,2286.0,25.977272727272727,2.6327435278679037,62,5545.0,0.11012617994958633,62,5545.0
950.0,52,2420.0,27.816091954022987,3.3883413215576224,52,5341.0,0.12564696506029305,52,5341.0
955.0,48,2432.0,30.02469135802469,2.4275997441965367,48,5172.0,0.09481488116755632,48,5172.0
960.0,45,1920.0,23.703703703703702,2.540812159978636,45,4787.0,0.10294016049974522,45,4787.0
965.0,44,1577.0,19.469135802469136,3.055134229963629,44,4116.0,0.12151515625671927,44,4116.0
970.0,42,1029.0,12.548780487804878,2.679411307944621,42,4050.0,0.10516908812315386,42,4050.0
975.0,36,391.0,4.654761904761905,2.5525383753032087,36,4127.0,0.115809586479385,36,4127.0
980.0,51,613.0,7.045977011494253,2.835105940082506,51,4237.0,0.11929900967304531,51,4237.0
985.0,62,899.0,10.101123595505618,2.099511685891637,62,4523.0,0.08166904717459539,62,4523.0
990.0,69,1186.0,13.790697674418604,0.8095929242511248,69,4538.0,0.01948873499755028,69,4538.0
995.0,69,1356.0,15.409090909090908,1.1456188494267197,69,4576.0,0.035403613050883506,69,4576.0
1000.0,64,1568.0,18.022988505747126,2.303334880539233,64,4073.0,0.06291982237329057,64,4073.0
1005.0,56,1730.0,20.352941176470587,2.9236630671855206,56,3879.0,0.08744542903907224,56,3879.0
1010.0,47,1874.0,22.57831325301205,2.6215450811914094,47,3875.0,0.10213132175599586,47,3875.0
1015.0,52,2116.0,26.123456790123456,2.5084141116610086,52,4117.0,0.13544597191249105,52,4117.0
1020.0,60,2394.0,28.843373493975903,1.9746997501829848,60,4395.0,0.10636220033418649,60,4395.0
1025.0,66,2709.0,32.63855421686747,0.9229056016092007,66,4710.0,0.028305784320207333,66,4710.0
1030.0,76,3073.0,34.92045454545455,0.7136599820465526,76,5074.0,0.02783563667900977,76,5074.0
1035.0,79,3304.0,37.54545454545455,0.4129681683057482,79,5305.0,0.02796412271071959,79,5305.0
1040.0,73,3277.0,36.41111111111111,0.9735102540580253,73,5523.0,0.03926579728597994,73,5523.0
1045.0,82,3661.0,38.9468085106383,1.5489806379854465,82,5690.0,0.013831846184442815,82,5690.0
1050.0,78,3861.0,41.96739130434783,1.3678724632957262,78,5733.0,0.04047112011281656,78,5733.0
1055.0,68,3293.0,37.0,2.0000407669468845,68,5768.0,0.0930270351640833,68,5768.0
1060.0,59,2796.0,32.13793103448276,2.0732400411533263,59,5327.0,0.06326690779712989,59,5327.0
1065.0,56,2272.0,26.41860465116279,2.007201248952535,56,5154.0,0.06028249140853345,56,5154.0
1070.0,43,1213.0,14.792682926829269,2.4288856190100576,43,4993.0,0.10035532390790793,43,4993.0
1075.0,40,928.0,11.45679012345679,3.0464397693905636,40,4540.0,0.12007161175995414,40,4540.0
1080.0,38,687.0,8.807692307692308,2.1264867924924244,38,4646.0,0.08804499185984213,38,4646.0
1085.0,40,453.0,5.329411764705882,2.290533951676425,40,4799.0,0.10896841250858408,40,4799.0
1090.0,52,692.0,8.046511627906977,2.323000531701942,52,5004.0,0.11159356742267657,52,5004.0
1095.0,63,957.0,10.875,1.2695109124689201,63,5076.0,0.050927219084109555,63,5076.0
1100.0,64,1138.0,12.931818181818182,0.961460618137686,64,5160.0,0.028949764944504033,64,5160.0
1105.0,61,1362.0,15.133333333333333,2.2346414908274017,61,5104.0,0.06304835896328723,61,5104.0
1110.0,58,1569.0,17.829545454545453,2.138737565918408,58,5385.0,0.06893376817716339,58,5385.0
1115.0,57,1777.0,21.938271604938272,1.4175685822250674,57,5648.0,0.06042669562157566,57,5648.0
1120.0,65,2077.0,23.602272727272727,1.4465075084331633,65,5948.0,0.06005665208641271,65,5948.0
1125.0,69,2405.0,27.02247191011236,1.2377563468278576,69,6277.0,0.07897749645052775,69,6277.0
1130.0,74,2594.0,28.822222222222223,0.5632404036850988,74,6466.0,0.04036818533841303,74,6466.0
1135.0,77,2599.0,27.648936170212767,0.7469292102996078,77,6697.0,0.027343442238911945,77,6697.0
1140.0,80,2994.0,31.851063829787233,1.6354993865222798,80,6875.0,0.02917870493005154,80,6875.0
1145.0,79,3372.0,36.65217391304348,1.3118544384262503,79,7253.0,0.023422975733048478,79,7253.0
1150.0,79,3745.0,42.55681818181818,0.9799733469239883,79,7626.0,0.00035535690716553077,79,7626.0
1155.0,80,4144.0,47.09090909090909,0.7685091228556484,80,8025.0,0.01393209317269614,80,8025.0
1160.0,80,4544.0,51.63636363636363,1.0165394498756564,80,8425.0,0.05659037219842732,80,8425.0
1165.0,80,4944.0,57.48837209302326,0.7092207194654238,80,8825.0,0.05271392128937234,80,8825.0
1170.0,82,5350.0,62.2093023255814,0.5302517619486359,82,9231.0,0.008346898571499953,82,9231.0
1175.0,81,5700.0,64.77272727272727,0.6429334770431968,81,9573.0,0.013984988310463844,81,9573.0
1180.0,77,6019.0,69.183908045977,1.1575789966832186,77,9910.0,0.03370388451969182,77,9910.0
1185.0,77,6404.0,74.46511627906976,1.4040410263823204,77,10277.0,0.0,77,10277.0
1190.0,77,6789.0,78.03448275862068,0.9998097493408065,77,10662.0,0.0067318382252733976,77,10662.0
1195.0,75,6913.0,82.29761904761905,0.855822834686087,75,10492.0,0.05456096346470076,75,10492.0
1200.0,65,5983.0,72.08433734939759,1.625552616723338,65,10332.0,0.09057818311854426,65,10332.0
1205.0,57,5282.0,63.63855421686747,2.210793932035548,57,9252.0,0.0644429005342985,57,9252.0
1210.0,53,4286.0,51.63855421686747,2.07265342791369,53,9490.0,0.06839533339692962,53,9490.0
1215.0,48,3545.0,44.87341772151899,2.3139500164247027,48,9726.0,0.09713959965896579,48,9726.0
1220.0,54,3801.0,49.36363636363637,1.7240034295097142,54,9980.0,0.07118403687062827,54,9980.0
1225.0,67,4057.0,48.29761904761905,0.8820689593024278,67,9780.0,0.018818917981321345,67,9780.0
1230.0,58,4222.0,50.26190476190476,1.485258704306202,58,9601.0,0.08268549553882804,58,9601.0
1235.0,54,4404.0,51.2093023255814,2.655457880001676,54,8526.0,0.11013541463474373,54,8526.0
1240.0,50,4601.0,54.129411764705885,3.0794029034112596,50,7900.0,0.10724040783817163,50,7900.0
1245.0,47,4700.0,58.02469135802469,2.4480205893668927,47,7619.0,0.0951567149395539,47,7619.0
1250.0,48,4874.0,61.69620253164557,2.704159967624966,48,7797.0,0.11510992683964277,48,7797.0
1255.0,54,5136.0,67.57894736842105,1.9042307807790528,54,8055.0,0.08063568935053601,54,8055.0
1260.0,60,5424.0,68.65822784810126,1.3781952543473481,60,8343.0,0.02929521791991199,60,8343.0
1265.0,66,5431.0,66.23170731707317,0.9673633198664773,66,8208.0,0.04683371560397279,66,8208.0
1270.0,62,4362.0,51.31764705882353,2.1217022308791136,62,8096.0,0.10486274753428022,62,8096.0
1275.0,55,3287.0,38.22093023255814,2.360306978471262,55,7122.0,0.0779705650231392,55,7122.0
1280.0,56,2079.0,24.458823529411763,2.75830126926996,56,6378.0,0.07912752952303279,56,6378.0
1285.0,48,1142.0,14.275,2.782548205018762,48,6420.0,0.1247408475436845,48,6420.0
1290.0,52,1394.0,18.103896103896105,2.214310839321319,52,6674.0,0.11031056296263855,52,6674.0
1295.0,59,1673.0,21.44871794871795,1.3135364529745293,59,6953.0,0.044955529202281755,59,6953.0
1300.0,68,1981.0,23.03488372093023,1.027572518548998,68,7263.0,0.04237620507473793,68,7263.0
1305.0,72,2326.0,27.046511627906977,1.020158700702821,72,7608.0,0.07392148065459044,72,7608.0
1310.0,77,2573.0,28.910112359550563,0.5466893367480825,77,7418.0,0.03635283175178834,77,7418.0
1315.0,80,2337.0,25.402173913043477,0.7529555881717881,80,7220.0,0.017537570043616373,80,7220.0
1320.0,69,2171.0,23.597826086956523,1.9963494922131597,69,6616.0,0.05152910238342507,69,6616.0
1325.0,59,1808.0,20.08888888888889,2.042421695762763,59,6767.0,0.0803771936588816,59,6767.0
1330.0,48,1226.0,14.255813953488373,1.9874719218817112,48,6868.0,0.08081753524572843,48,6868.0
1335.0,55,1493.0,16.96590909090909,2.1853824038983185,55,6905.0,0.06905246155839162,55,6905.0
1340.0,62,1761.0,19.141304347826086,2.087067130381884,62,6790.0,0.07878457643574938,62,6790.0
1345.0,59,1930.0,21.931818181818183,1.9510434362925613,59,6925.0,0.09579644406401433,59,6925.0
1350.0,61,2137.0,24.28409090909091,2.0188631170689075,61,6821.0,0.05267205726648632,61,6821.0
1355.0,60,2359.0,27.114942528735632,2.6375753058066773,60,6688.0,0.08120226646834397,60,6688.0
1360.0,49,2412.0,29.06024096385542,2.8289873678726325,49,6326.0,0.12174347032719395,49,6326.0
1365.0,45,1923.0,23.451219512195124,2.85236294205507,45,6093.0,0.1181630909473511,45,6093.0
1370.0,47,1595.0,18.988095238095237,2.6550698384400224,47,4947.0,0.09472431890813585,47,4947.0
1375.0,43,1172.0,13.471264367816092,2.8238576332326124,43,5005.0,0.13298397042058957,43,5005.0
1380.0,36,709.0,8.44047619047619,2.6835713092124216,36,5031.0,0.1502768581274796,36,5031.0
1385.0,43,755.0,8.67816091954023,2.5339075313673414,43,4853.0,0.1008731218171631,43,4853.0
1390.0,49,916.0,10.065934065934066,2.9856272630964744,49,4818.0,0.09770415517416506,49,4818.0
1395.0,45,1099.0,12.348314606741573,3.5287077138607486,45,4950.0,0.12525591689419519,45,4950.0
1400.0,54,1345.0,15.284090909090908,3.4431443083265263,54,5150.0,0.11873868272435945,54,5150.0
1405.0,62,1573.0,17.674157303370787,2.7088420814604373,62,4918.0,0.09643771412265863,62,4918.0
1410.0,55,1573.0,17.674157303370787,2.5388284683038944,55,4458.0,0.10678688625560136,55,4458.0
1415.0,50,1607.0,18.0561797752809,3.3097722293909437,50,3491.0,0.1499739364318781,50,3491.0
1420.0,52,1633.0,18.144444444444446,2.2406493093170927,52,3705.0,0.09972499063032769,52,3705.0
1425.0,47,1591.0,17.677777777777777,2.1201355518255713,47,3897.0,0.10242636675114648,47,3897.0
1430.0,50,1755.0,18.870967741935484,2.705310330446543,50,4050.0,0.10814413545789854,50,4050.0
1435.0,55,1958.0,20.185567010309278,2.6748486539787657,55,4260.0,0.09171778845500721,55,4260.0
1440.0,56,1975.0,20.153061224489797,2.4034348048301086,56,4267.0,0.08958415986290306,56,4267.0
1445.0,60,1499.0,14.99,2.265524383995941,60,4247.0,0.10213671290016199,60,4247.0
1450.0,67,1750.0,17.15686274509804,2.565635800067071,67,4198.0,0.1114028614867605,67,4198.0
1455.0,74,2026.0,20.059405940594058,1.4908197773009475,74,3989.0,0.05026924439076331,74,3989.0
1460.0,75,2062.0,20.62,1.5101294854273686,75,3841.0,0.035599881607443436,75,3841.0
1465.0,75,2181.0,22.03030303030303,2.2198351024365053,75,3708.0,0.06802298806742971,75,3708.0
1470.0,68,2171.0,22.153061224489797,1.6790666030047436,68,3981.0,0.06456914083512279,68,3981.0
1475.0,63,1989.0,20.936842105263157,1.3696838273779963,63,4221.0,0.06485413055189568,63,4221.0
1480.0,63,2078.0,20.372549019607842,2.3158393561145867,63,4329.0,0.08906524303741979,63,4329.0
1485.0,58,2118.0,20.365384615384617,2.4370998307543243,58,4473.0,0.11135635215662015,58,4473.0
1490.0,55,2074.0,20.74,1.547100336977878,55,4644.0,0.07148516258001879,55,4644.0
1495.0,74,2401.0,23.08653846153846,1.8069405258754945,74,4812.0,0.05176074940500786,74,4812.0
1500.0,80,2725.0,25.952380952380953,1.2918398129049113,80,4894.0,0.033732314823884786,80,4894.0
1505.0,76,2823.0,27.40776699029126,1.357146988352407,76,4982.0,0.0456945482532126,76,4982.0
1510.0,78,2988.0,29.294117647058822,1.6214322221893709,78,4610.0,0.03245089888307533,78,4610.0
1515.0,72,2775.0,26.428571428571427,1.8893250334872518,72,4606.0,0.05890073546890023,72,4606.0
1520.0,58,1507.0,14.92079207920792,2.2383838916712606,58,4420.0,0.1075691160449551,58,4420.0
1525.0,64,1269.0,12.69,2.3520509277481327,64,4025.0,0.0896120884180982,64,4025.0
1530.0,66,1444.0,14.156862745098039,1.8381495883548118,66,4279.0,0.06497299648790462,66,4279.0
1535.0,76,1749.0,17.316831683168317,1.3163850570651443,76,4586.0,0.03908773085526468,76,4586.0
1540.0,87,2150.0,21.5,1.0620914242169794,87,4989.0,0.0213065072483553,87,4989.0
1545.0,90,2544.0,26.22680412371134,0.5901648193594203,90,5220.0,0.012141765120008887,90,5220.0
1550.0,82,2696.0,27.510204081632654,0.778037188692376,82,5423.0,0.024568425336515216,82,5423.0
1555.0,72,2810.0,28.1,2.246207810786635,72,5214.0,0.07443563862641436,72,5214.0
1560.0,64,2930.0,29.897959183673468,2.1168099928273407,64,5528.0,0.08067410548965416,64,5528.0
1565.0,66,3073.0,33.40217391304348,1.3562814887787347,66,5847.0,0.04870506505760866,66,5847.0
1570.0,72,3415.0,36.329787234042556,1.2110963355433315,72,6189.0,0.04952668812145083,72,6189.0
1575.0,76,3785.0,39.8421052631579,0.9754957135629768,76,6563.0,0.04178378903897172,76,6563.0
1580.0,84,4193.0,43.677083333333336,0.44394247740681836,84,6971.0,0.020713848504689655,84,6971.0
1585.0,96,4581.0,44.911764705882355,0.3511345347984536,96,7195.0,0.001132697742860854,96,7195.0
1590.0,84,4789.0,46.49514563106796,1.3041404662713079,84,7213.0,0.047347001987753524,84,7213.0
1595.0,76,5027.0,49.28431372549019,2.146955305410673,76,7259.0,0.065918884661966,76,7259.0
1600.0,70,4976.0,50.26262626262626,1.5567969141983105,70,7331.0,0.04466715003359426,70,7331.0
1605.0,62,4065.0,42.34375,1.6644988425656042,62,7372.0,0.07686673490682767,62,7372.0
1610.0,58,3439.0,35.822916666666664,2.3886944281306386,58,6830.0,0.09667081490828283,58,6830.0
1615.0,56,2710.0,27.373737373737374,2.145013361610215,56,7083.0,0.08547901659813163,56,7083.0
1620.0,58,2025.0,21.09375,1.7084334280651277,58,7371.0,0.05927316967377401,58,7371.0
1625.0,73,2359.0,23.127450980392158,1.2865076461359053,73,7709.0,0.05565683558036547,73,7709.0
1630.0,84,2756.0,26.75728155339806,0.8592950510976108,84,8108.0,0.042966515836441524,84,8108.0
1635.0,91,3132.0,30.115384615384617,0.27829921764747223,91,8350.0,0.0167169229314386,91,8350.0
1640.0,91,3247.0,30.064814814814813,0.6782663776207705,91,8395.0,0.013507916331858206,91,8395.0
1645.0,86,3442.0,31.87037037037037,1.7831969066467441,86,8480.0,0.05218427073981979,86,8480.0
1650.0,78,3317.0,31.0,1.9040059850080777,78,8441.0,0.061027518288474886,78,8441.0
1655.0,68,2273.0,22.73,1.5157902497290368,68,8358.0,0.06592441667263553,68,8358.0
1660.0,65,1683.0,15.877358490566039,2.2405801598003805,65,7635.0,0.08478608170194145,65,7635.0
1665.0,65,1683.0,15.877358490566039,2.5356794192795364,65,7411.0,0.10761271824378198,65,7411.0
1670.0,69,1978.0,19.01923076923077,1.998262792787981,69,7321.0,0.07784609310655376,69,7321.0
1675.0,76,2137.0,20.74757281553398,1.3169139986951488,76,7492.0,0.04368419453570486,76,7492.0
1680.0,75,2378.0,23.78,1.86054030067552,75,7361.0,0.05015320467560494,75,7361.0
1685.0,70,2523.0,25.484848484848484,2.1045911576402627,70,7628.0,0.0702254910840176,70,7628.0
1690.0,62,2610.0,28.369565217391305,1.651800138946084,62,7882.0,0.06918061732330241,62,7882.0
1695.0,68,2936.0,30.583333333333332,1.7273964810308993,68,8181.0,0.05018015658931376,68,8181.0
1700.0,74,3260.0,32.92929292929293,1.5861687898322372,74,8375.0,0.07423468368906731,74,8375.0
1705.0,68,3482.0,35.896907216494846,1.1959678697380165,68,8569.0,0.05211304385591958,68,8569.0
1710.0,71,3723.0,37.98979591836735,1.5632055802013762,71,8558.0,0.03713106067063099,71,8558.0
1715.0,66,3808.0,38.857142857142854,1.8598236696450459,66,8377.0,0.060693431704918095,66,8377.0
1720.0,55,3078.0,33.096774193548384,1.9442052150710585,55,8211.0,0.08776859299301822,55,8211.0
1725.0,55,2577.0,28.01086956521739,2.2795661923072195,55,7103.0,0.09138727630471312,55,7103.0
1730.0,55,2086.0,21.285714285714285,2.575782264591275,55,6477.0,0.09628761000918588,55,6477.0
1735.0,49,1280.0,12.929292929292929,2.8902257876293977,49,5970.0,0.12904589669238883,49,5970.0
1740.0,52,913.0,9.412371134020619,2.6268981310461226,52,5779.0,0.11716848177213973,52,5779.0
1745.0,61,813.0,8.381443298969073,2.3707344581351855,61,5497.0,0.07674326599103828,61,5497.0
1750.0,63,1018.0,10.604166666666666,1.8994317209202178,63,5720.0,0.08304506205939778,63,5720.0
1755.0,72,1291.0,13.309278350515465,1.4370266556619902,72,6007.0,0.056151688537785155,72,6007.0
1760.0,82,1678.0,17.479166666666668,1.1118618978309232,82,6381.0,0.01603456384383405,82,6381.0
1765.0,91,2010.0,20.1,0.7492307171700496,91,6604.0,0.00028023579628031327,91,6604.0
1770.0,78,1944.0,19.636363636363637,1.4714558642624915,78,6706.0,0.05604025669567757,78,6706.0
1775.0,70,1947.0,20.28125,2.3694665080632347,70,6627.0,0.09168825149754717,70,6627.0
1780.0,65,1842.0,19.389473684210525,1.959476311046307,65,6955.0,0.055940552855971104,65,6955.0
1785.0,63,1827.0,19.858695652173914,1.5620885454491344,63,7275.0,0.05827266817316705,63,7275.0
1790.0,70,2161.0,24.011111111111113,1.067767869629289,70,7609.0,0.060078507663812,70,7609.0
1795.0,77,2526.0,27.161290322580644,0.6212730416500184,77,7975.0,0.036447256800709746,77,7975.0
1800.0,82,2829.0,30.095744680851062,0.15752582418588643,82,8095.0,0.008909089214016282,82,8095.0
1805.0,79,2754.0,27.0,1.0394879507832593,79,8170.0,0.04709723912322984,79,8170.0
1810.0,78,2941.0,28.833333333333332,2.2255550283590693,78,8119.0,0.08420942005608396,78,8119.0
1815.0,78,3331.0,33.31,2.4556384545724588,78,8280.0,0.06681189718515874,78,8280.0
1820.0,79,3646.0,37.204081632653065,1.443325884616241,79,8428.0,0.012255003475013649,79,8428.0
1825.0,74,3650.0,40.10989010989011,1.4461731784477796,74,8486.0,0.040314235482521436,74,8486.0
1830.0,64,3642.0,41.38636363636363,2.2079344475389693,64,8346.0,0.062212126372727085,64,8346.0
1835.0,60,3515.0,41.35294117647059,1.8156965183065905,60,8019.0,0.05425068634266559,60,8019.0
1840.0,46,2507.0,28.816091954022987,2.0589381857439566,46,7664.0,0.09440993406252447,46,7664.0
1845.0,41,1869.0,21.732558139534884,3.3096142506150343,41,6078.0,0.15426852128313667,41,6078.0
1850.0,42,1273.0,14.303370786516854,2.6766415214646258,42,6171.0,0.11544858604985138,42,6171.0
1855.0,42,546.0,6.5,1.8259284459928122,42,6313.0,0.08439414857079651,42,6313.0
1860.0,55,786.0,8.931818181818182,2.023272118732697,55,6500.0,0.0706411055225824,55,6500.0
1865.0,65,1060.0,11.777777777777779,1.6914797895094333,65,6181.0,0.04273213213551054,65,6181.0
1870.0,61,1242.0,14.113636363636363,1.4808268594164176,61,6082.0,0.03398305411492156,61,6082.0
1875.0,61,1447.0,16.07777777777778,2.1219443065790156,61,5184.0,0.056922653348849585,61,5184.0
1880.0,58,1677.0,18.428571428571427,2.610887861295739,58,5478.0,0.10972973508555908,58,5478.0
1885.0,56,1906.0,22.423529411764704,1.740086278735039,56,5764.0,0.09697364002632874,56,5764.0
1890.0,64,2213.0,26.345238095238095,1.1684400083427513,64,6071.0,0.05538850926127782,64,6071.0
1895.0,73,2557.0,28.41111111111111,0.9328435182154369,73,6415.0,0.02962364934632999,73,6415.0
1900.0,74,2882.0,31.67032967032967,0.7802166504330627,74,6345.0,0.027662520077410924,74,6345.0
1905.0,73,3065.0,34.05555555555556,0.778466108854764,73,6341.0,0.01986215186476303,73,6341.0
1910.0,69,3280.0,34.8936170212766,1.8508961542655304,69,6099.0,0.045193653938234955,69,6099.0
1915.0,62,3482.0,37.04255319148936,2.2978567384129516,62,6422.0,0.10205623048862195,62,6422.0
1920.0,60,3685.0,41.40449438202247,1.72040385172188,60,6725.0,0.10180475336268083,60,6725.0
1925.0,68,4007.0,45.53409090909091,1.0760337504758335,68,7047.0,0.05888730935236974,68,7047.0
1930.0,74,4102.0,43.638297872340424,0.8235346538434495,74,7142.0,0.028552357234069556,74,7142.0
1935.0,72,3656.0,38.48421052631579,1.2674012880148504,72,7276.0,0.04676696015563194,72,7276.0
1940.0,74,3920.0,41.26315789473684,1.6502886856317476,74,7149.0,0.0329308008017952,74,7149.0
1945.0,81,4239.0,43.70103092783505,1.167170803690192,81,7235.0,0.016548791539210725,81,7235.0
1950.0,73,4330.0,45.578947368421055,1.6437993022348827,73,7179.0,0.052839463506547446,73,7179.0
1955.0,64,4442.0,48.81318681318681,2.560708959060135,64,6983.0,0.10743295633151548,64,6983.0
1960.0,57,4271.0,47.455555555555556,2.2070667404064745,57,6857.0,0.0799192397994483,57,6857.0
1965.0,49,3129.0,35.96551724137931,2.130745016171693,49,6483.0,0.0765762947364138,49,6483.0
1970.0,46,2289.0,26.929411764705883,2.791337821369462,46,5701.0,0.10001598543780482,46,5701.0
1975.0,47,1427.0,16.593023255813954,2.202253067317395,47,5802.0,0.08559012725643748,47,5802.0
1980.0,39,565.0,6.807228915662651,1.9066022032024925,39,5820.0,0.08114729289291513,39,5820.0
1985.0,43,666.0,7.318681318681318,2.633138393967562,43,5798.0,0.11724204391413423,43,5798.0
1990.0,44,792.0,8.608695652173912,2.614819540594126,44,5553.0,0.13795579073882322,44,5553.0
1995.0,41,814.0,8.847826086956522,2.2602726111791775,41,5341.0,0.10648368001865928,41,5341.0
2000.0,48,954.0,10.258064516129032,2.5230194813568603,48,4406.0,0.0803463379036658,48,4406.0
2005.0,55,1030.0,10.957446808510639,2.0586411827674196,55,4457.0,0.08158574215271193,55,4457.0
2010.0,44,683.0,7.588888888888889,1.7587542070323536,44,4512.0,0.09888647437251259,44,4512.0
2015.0,57,905.0,9.731182795698924,2.1947995675076917,57,4408.0,0.07110972386882376,57,4408.0
2020.0,72,1164.0,11.524752475247524,1.4854523395087857,72,4570.0,0.04278533576653988,72,4570.0
2025.0,69,1222.0,12.22,2.024998416675438,69,4600.0,0.07772262564902352,69,4600.0
2030.0,67,1355.0,13.969072164948454,2.112795837819667,67,4664.0,0.06486847047607111,67,4664.0
2035.0,68,1477.0,15.547368421052632,2.6162064755711003,68,4654.0,0.06305115074215807,68,4654.0
2040.0,59,1581.0,17.184782608695652,3.1801887411339576,59,4750.0,0.10978847298732337,59,4750.0
2045.0,60,1829.0,20.55056179775281,2.83003130228452,60,4932.0,0.1251690906464063,60,4932.0
2050.0,60,1994.0,22.919540229885058,2.0954064072676535,60,5117.0,0.08885177362086405,60,5117.0
2055.0,64,2306.0,25.622222222222224,2.070305691555433,64,5376.0,0.05411624155892488,64,5376.0
2060.0,70,2421.0,26.032258064516128,2.307429279666799,70,5492.0,0.08931162828138096,70,5492.0
2065.0,65,2111.0,23.988636363636363,1.6657267494342045,65,5632.0,0.06632320719892837,65,5632.0
2070.0,68,2405.0,27.329545454545453,1.8125027162618321,68,5607.0,0.049494467832547205,68,5607.0
2075.0,68,2745.0,30.164835164835164,2.259851104408849,68,5819.0,0.06270114825109382,68,5819.0
2080.0,74,3032.0,33.31868131868132,1.608269759735372,74,6038.0,0.028639538510525912,74,6038.0
2085.0,68,3051.0,35.47674418604651,1.4050894247594607,68,6254.0,0.03547076985889951,68,6254.0
2090.0,61,3094.0,35.97674418604651,1.8999032194125747,61,6208.0,0.047842526100698855,61,6208.0
2095.0,52,2960.0,33.63636363636363,2.7021874554458307,52,5980.0,0.10663795842903309,52,5980.0
2100.0,40,2167.0,26.426829268292682,3.0567825033174483,40,5703.0,0.15241250319556007,40,5703.0
2105.0,41,1673.0,20.9125,2.786049068558296,41,4483.0,0.10594045693974473,41,4483.0
2110.0,42,1114.0,13.585365853658537,3.214917676704274,42,3839.0,0.12170978200766737,42,3839.0
2115.0,40,568.0,7.1,3.773407910333232,40,3010.0,0.1548424653064199,40,3010.0
2120.0,45,701.0,8.7625,2.68841730987252,45,3145.0,0.1113986502939977,45,3145.0
2125.0,60,891.0,10.865853658536585,1.8602199471631815,60,3361.0,0.08070782634004318,60,3361.0
2130.0,60,1178.0,14.023809523809524,2.01765339327856,60,3622.0,0.08473417439835917,60,3622.0
2135.0,64,1414.0,16.441860465116278,1.881507351355432,64,3748.0,0.0929751351920636,64,3748.0
2140.0,63,1348.0,15.674418604651162,1.2237773498654179,63,3871.0,0.05659355780265308,63,3871.0
2145.0,63,1376.0,15.28888888888889,2.012093724897034,63,3701.0,0.05297586677650812,63,3701.0
2150.0,59,1334.0,14.822222222222223,2.931499777939374,59,3676.0,0.10106644903105844,59,3676.0
2155.0,52,1282.0,14.906976744186046,2.6130184900407465,52,3639.0,0.10349924175352218,52,3639.0
2160.0,50,1206.0,14.707317073170731,2.346396675668437,50,3641.0,0.10203608124870382,50,3641.0
2165.0,50,1198.0,13.613636363636363,2.6059525879048953,50,3264.0,0.10867993837717688,50,3264.0
2170.0,45,1169.0,13.436781609195402,3.758708452933325,45,2914.0,0.16914598975886516,45,2914.0
2175.0,43,1163.0,13.523255813953488,3.5731202298862814,43,2622.0,0.14022209133478192,43,2622.0
2180.0,54,1411.0,16.2183908045977,3.286298603282972,54,2724.0,0.12491362370927964,54,2724.0
2185.0,59,1693.0,19.686046511627907,3.3639681245002753,59,2868.0,0.14462850381410336,59,2868.0
2190.0,61,1993.0,23.44705882352941,3.0060153931894495,61,3017.0,0.106451453520663,61,3017.0
2195.0,64,2222.0,26.141176470588235,2.4043970718025904,64,3132.0,0.08599548249686086,64,3132.0
2200.0,58,2137.0,24.563218390804597,2.1059864842627642,58,3233.0,0.11194358830921072,58,3233.0
2205.0,54,2125.0,23.876404494382022,3.287966204491206,54,2962.0,0.1638258292917561,54,2962.0
2210.0,52,1941.0,21.566666666666666,2.514594618928312,52,3081.0,0.11748589294314493,52,3081.0
2215.0,45,1622.0,18.431818181818183,2.182583781834478,45,3177.0,0.10516512250333777,45,3177.0
2220.0,57,1883.0,20.247311827956988,2.5812597193728353,57,3299.0,0.1018538465490435,57,3299.0
2225.0,68,1885.0,19.635416666666668,1.4592023262493783,68,3301.0,0.0458734890761332,68,3301.0
2230.0,71,1175.0,12.11340206185567,1.1186334574623926,71,3246.0,0.028131506433124835,71,3246.0
2235.0,75,1282.0,12.568627450980392,1.7073738164927936,75,3093.0,0.05174614707796709,75,3093.0
2240.0,78,1642.0,15.941747572815533,1.8828495273167127,78,3454.0,0.07627054998658156,78,3454.0
2245.0,84,2050.0,20.918367346938776,1.3700205539211512,84,3863.0,0.053956018220147506,84,3863.0
2250.0,88,2483.0,26.414893617021278,0.8655293043551239,88,4296.0,1.0128801968785722e-05,88,4296.0
2255.0,86,2800.0,29.473684210526315,0.9163895006485225,86,4564.0,0.013612265726561752,86,4564.0
2260.0,76,2631.0,28.912087912087912,1.0923751564238782,76,4845.0,0.038711654144511255,76,4845.0
2265.0,70,2583.0,28.7,1.8948210514743828,70,4862.0,0.042016325824374534,70,4862.0
2270.0,60,2447.0,26.597826086956523,2.6781437871465963,60,4916.0,0.07886170351462214,60,4916.0
2275.0,52,2264.0,25.43820224719101,3.011835595408522,52,4834.0,0.15081091905978672,52,4834.0
2280.0,47,1873.0,21.77906976744186,2.817039226103916,47,4812.0,0.14947926850512508,47,4812.0
2285.0,48,1615.0,18.77906976744186,2.4401611873715727,48,4253.0,0.09733457977552196,48,4253.0
2290.0,48,1230.0,13.820224719101123,2.247119413836178,48,4365.0,0.09391186460081709,48,4365.0
2295.0,41,861.0,9.674157303370787,2.5149577171023623,41,4395.0,0.11418651675934974,41,4395.0
2300.0,46,1001.0,11.247191011235955,2.567874509373409,46,4317.0,0.08979614952442937,46,4317.0
2305.0,52,1029.0,10.946808510638299,1.8539974009756717,52,4285.0,0.07235859425598973,52,4285.0
2310.0,45,591.0,6.287234042553192,2.184531240985916,45,4171.0,0.11216236822555593,45,4171.0
2315.0,52,651.0,6.711340206185567,2.781778812849317,52,3994.0,0.12422247228828721,52,3994.0
2320.0,65,945.0,9.545454545454545,2.3174856254969773,65,4076.0,0.07751119784007902,65,4076.0
2325.0,72,1291.0,13.04040404040404,1.7672992695848198,72,4336.0,0.020611016659244308,72,4336.0
2330.0,79,1594.0,16.604166666666668,1.3728654574011394,79,4641.0,0.023333164130869253,79,4641.0
2335.0,76,1850.0,19.892473118279568,1.6631790178427162,76,4940.0,0.037170225929508714,76,4940.0
2340.0,78,2234.0,25.67816091954023,1.3087174140870383,78,5281.0,4.6699885192001995e-05,78,5281.0
2345.0,76,2511.0,27.593406593406595,1.3874966859175655,76,5298.0,0.029842188052909488,76,5298.0
2350.0,66,2330.0,27.41176470588235,1.852154421238245,66,5200.0,0.08614013165753574,66,5200.0
2355.0,57,2176.0,25.904761904761905,2.530186992741228,57,4765.0,0.08578464621242955,57,4765.0
2360.0,54,2110.0,25.42168674698795,2.8785612309528235,54,4472.0,0.09035097503821418,54,4472.0
2365.0,45,1766.0,22.354430379746834,2.759928542053943,45,4210.0,0.1172474699936219,45,4210.0
2370.0,42,1396.0,18.12987012987013,2.948113627743961,42,4198.0,0.13989589317661663,42,4198.0
2375.0,42,1147.0,15.092105263157896,2.945620038961149,42,3747.0,0.11012823381500507,42,3747.0
2380.0,39,753.0,9.072289156626505,2.8154286970402653,39,3893.0,0.11720735684498397,39,3893.0
2385.0,40,478.0,5.975,2.6246196670541426,40,4044.0,0.1407440331044886,40,4044.0
2390.0,52,716.0,8.731707317073171,2.041768955692777,52,4282.0,0.10425595891055711,52,4282.0
2395.0,68,904.0,10.39080459770115,0.7446914097208216,68,4472.0,0.020534027546695952,68,4472.0
2400.0,68,1105.0,12.556818181818182,1.1934042755391632,68,4725.0,0.04348781590755772,68,4725.0
2405.0,77,1474.0,16.56179775280899,1.5096889191069292,77,5042.0,0.02466789093187416,77,5042.0
2410.0,77,1778.0,20.436781609195403,0.985054421758104,77,5067.0,0.002264737233649697,77,5067.0
2415.0,69,1717.0,19.735632183908045,1.2822164731258554,69,4976.0,0.0331579918843423,69,4976.0
2420.0,60,1678.0,19.28735632183908,2.8165526676310635,60,4545.0,0.11044361889670876,60,4545.0
2425.0,52,1626.0,19.129411764705882,2.6233257742247624,52,4795.0,0.11548254380881827,52,4795.0
2430.0,51,1568.0,19.6,1.7188724471767074,51,5055.0,0.06164803075099466,51,5055.0
2435.0,61,1857.0,22.925925925925927,1.3914188301546506,61,5344.0,0.051506378743844713,61,5344.0
2440.0,64,2050.0,25.308641975308642,0.9442698087434794,64,5325.0,0.04291043377232542,64,5325.0
2445.0,61,1773.0,21.36144578313253,1.2101789399020801,61,5385.0,0.051789682004724155,61,5385.0
2450.0,58,1508.0,16.9438202247191,2.021254970420785,58,4937.0,0.0469693691499932,58,4937.0
2455.0,55,1298.0,14.919540229885058,2.3125810773586823,55,4864.0,0.11152997743092667,55,4864.0
2460.0,44,820.0,9.761904761904763,2.8227964754514785,44,4752.0,0.13887882882195132,44,4752.0
2465.0,42,772.0,9.301204819277109,2.6895988177696823,42,4385.0,0.09653896693682532,42,4385.0
2470.0,47,774.0,9.0,2.054569783691968,47,4338.0,0.08235886195481108,47,4338.0
2475.0,40,672.0,8.0,2.3563775074978492,40,4152.0,0.10689606629578614,40,4152.0
2480.0,39,760.0,8.941176470588236,2.7438801250165787,39,3840.0,0.10743841847240326,39,3840.0
2485.0,52,882.0,9.910112359550562,1.8222477700702164,52,3683.0,0.07258025493097799,52,3683.0
2490.0,39,893.0,10.03370786516854,2.276674956390428,39,3729.0,0.1241692694837731,39,3729.0
2495.0,44,1019.0,11.197802197802197,2.993060478182441,44,3473.0,0.1407588351434532,44,3473.0
2500.0,50,1063.0,11.43010752688172,2.120802990423947,50,3608.0,0.07599810111119125,50,3608.0
2505.0,49,1134.0,12.326086956521738,1.9901283016265545,49,3772.0,0.08067019754990674,49,3772.0
2510.0,63,1416.0,15.225806451612904,1.7970699410827675,63,4034.0,0.059272912756975785,63,4034.0
2515.0,72,1525.0,16.57608695652174,1.295804018635182,72,4145.0,0.039248565916671134,72,4145.0
2520.0,69,1168.0,13.123595505617978,1.0384040156653358,69,4286.0,0.02827953533181467,69,4286.0
2525.0,71,1456.0,15.166666666666666,2.191678300894857,71,4215.0,0.07202685673377379,71,4215.0
2530.0,75,1804.0,18.791666666666668,1.8030241072891104,75,4563.0,0.06760387222683154,75,4563.0
2535.0,81,2203.0,23.688172043010752,1.2794432515264014,81,4962.0,0.020532261581738764,81,4962.0
2540.0,85,2619.0,28.78021978021978,0.6037841593573475,85,5378.0,0.0030466190226793497,85,5378.0
2545.0,83,2922.0,32.831460674157306,0.5813509328839688,83,5441.0,0.019999173962121114,83,5441.0
2550.0,73,2732.0,31.402298850574713,1.0869060274026632,73,5469.0,0.04548408209813098,73,5469.0
2555.0,64,2577.0,29.620689655172413,1.9789947827671521,64,4863.0,0.03820926425027991,64,4863.0
2560.0,60,2331.0,26.191011235955056,1.8748603445002372,60,4902.0,0.07487100846666996,60,4902.0
2565.0,44,1531.0,17.802325581395348,2.5888783432238083,44,4893.0,0.14159517759273105,44,4893.0
2570.0,44,1299.0,15.282352941176471,2.920317749319609,44,4424.0,0.12538613896950976,44,4424.0
2575.0,50,1004.0,11.409090909090908,2.14530084821415,50,4491.0,0.08182952259642079,50,4491.0
2580.0,41,407.0,4.67816091954023,2.3326967606350357,41,4475.0,0.09481931625439957,41,4475.0
2585.0,52,637.0,7.32183908045977,2.5745690373627417,52,4588.0,0.09769894245562923,52,4588.0
2590.0,62,867.0,9.633333333333333,1.609967840574341,62,4583.0,0.02626430330059406,62,4583.0
2595.0,63,902.0,10.022222222222222,1.3877636710861139,63,4603.0,0.04540538453266399,63,4603.0
2600.0,61,999.0,10.978021978021978,2.440892170731698,61,4149.0,0.08988132081185263,61,4149.0
2605.0,55,986.0,11.07865168539326,2.532974035494588,55,4201.0,0.1101542752450057,55,4201.0
2610.0,45,768.0,9.142857142857142,2.011097601684096,45,4095.0,0.0811439474386283,45,4095.0
2615.0,46,767.0,9.023529411764706,2.567680024791071,46,3891.0,0.1103621297806416,46,3891.0
2620.0,44,712.0,8.183908045977011,2.4669202324505193,44,3946.0,0.10515985401986536,44,3946.0
2625.0,43,669.0,7.77906976744186,1.989304394242609,43,4107.0,0.07525524454306114,43,4107.0
2630.0,61,935.0,10.50561797752809,1.6064686776516433,61,4342.0,0.050821338934664104,61,4342.0
2635.0,67,1220.0,13.406593406593407,1.6104410609859847,67,4445.0,0.06634893360297149,67,4445.0
2640.0,63,1406.0,15.622222222222222,1.6475458211294116,63,4554.0,0.09018362109285978,63,4554.0
2645.0,62,1615.0,17.554347826086957,2.0490558780250825,62,4268.0,0.06074214029592711,62,4268.0
2650.0,64,1684.0,18.304347826086957,1.8918359891708931,64,4399.0,0.06135094297154726,64,4399.0
2655.0,50,1458.0,16.953488372093023,2.0288270484607454,50,4462.0,0.09655940701574581,50,4462.0
2660.0,57,1728.0,20.093023255813954,2.2577851855083746,57,4526.0,0.07509666674205484,57,4526.0
2665.0,70,2003.0,21.77173913043478,1.2785775357935258,70,4623.0,0.017719444821519797,70,4623.0
2670.0,61,2182.0,23.717391304347824,1.9174480367145335,61,4542.0,0.06602405693525856,61,4542.0
2675.0,58,2371.0,26.344444444444445,2.620488516847151,58,4555.0,0.11903645742573117,58,4555.0
2680.0,55,2433.0,27.337078651685392,2.250177895777865,55,4467.0,0.08492636087044775,55,4467.0
2685.0,46,1891.0,22.24705882352941,2.3114375721949947,46,4225.0,0.08620899535533082,46,4225.0
2690.0,46,1556.0,18.746987951807228,2.901226962584427,46,3663.0,0.11024874530247795,46,3663.0
2695.0,42,1118.0,13.152941176470588,2.5133134324796766,42,3761.0,0.1021655929373638,42,3761.0
2700.0,37,584.0,7.209876543209877,1.9818691271581237,37,3842.0,0.10515288779621634,37,3842.0
2705.0,43,704.0,7.910112359550562,2.7048448560280853,43,3824.0,0.12049856979952311,43,3824.0
2710.0,47,772.0,8.391304347826088,2.839372623121665,47,3904.0,0.13901517724714885,47,3904.0
2715.0,43,747.0,8.3,2.2452914407283644,43,3996.0,0.09332180671899061,43,3996.0
2720.0,62,1011.0,10.98913043478261,1.999427512897402,62,4207.0,0.048678677832316074,62,4207.0
2725.0,68,1310.0,14.395604395604396,1.668107902182302,68,4451.0,0.041781002424336494,68,4451.0
2730.0,65,1519.0,17.261363636363637,1.718381755800342,65,4665.0,0.05705134680865539,65,4665.0
2735.0,63,1743.0,19.806818181818183,1.9980685296227128,63,4817.0,0.05869898426315606,63,4817.0
2740.0,61,1871.0,19.904255319148938,1.948204499828528,61,4723.0,0.07340848060406462,61,4723.0
2745.0,47,1658.0,18.42222222222222,2.663588002509782,47,4597.0,0.1405885074714749,47,4597.0
2750.0,46,1558.0,17.704545454545453,2.691439332511978,46,3795.0,0.1063318651683803,46,3795.0
2755.0,51,1402.0,15.23913043478261,2.034313370239674,51,3997.0,0.07631027180144377,51,3997.0
2760.0,51,1303.0,14.640449438202246,1.8612535403053136,51,4243.0,0.07327801988669161,51,4243.0
2765.0,67,1602.0,17.8,1.4155936736834913,67,4543.0,0.06224297921754759,67,4543.0
2770.0,76,1932.0,21.0,0.6786907254450844,76,4604.0,0.020789836345370193,76,4604.0
2775.0,72,2168.0,22.583333333333332,0.8875411622651331,72,4673.0,0.037893440028980374,72,4673.0
2780.0,70,2430.0,24.3,2.272445608382999,70,4314.0,0.09055259200249587,70,4314.0
2785.0,64,2392.0,24.408163265306122,1.9525802396307415,64,4253.0,0.07397116133388436,64,4253.0
2790.0,58,1648.0,17.53191489361702,1.870081532214628,58,4275.0,0.07241427463556142,58,4275.0
2795.0,56,1744.0,18.5531914893617,2.38814220591581,56,3994.0,0.0896565581532546,56,3994.0
2800.0,64,2045.0,21.302083333333332,2.718387791143213,64,4031.0,0.08779174803135928,64,4031.0
2805.0,69,2309.0,24.827956989247312,1.4563547387393,69,4257.0,0.01677448497534641,69,4257.0
2810.0,76,2638.0,28.06382978723404,1.1789798014986268,76,4587.0,0.017787864602334037,76,4587.0
2815.0,80,3036.0,32.645161290322584,1.597840148544967,80,4984.0,0.050692268336530066,80,4984.0
2820.0,78,3364.0,37.37777777777778,1.4152047373460424,78,5070.0,0.06680162891968096,78,5070.0
2825.0,68,3393.0,39.45348837209303,0.8391167197855655,68,4972.0,0.02294115138155241,68,4972.0
2830.0,66,3485.0,39.60227272727273,2.094936605020769,66,4696.0,0.05112760435355379,66,4696.0
2835.0,56,3492.0,41.082352941176474,3.0022407326965452,56,4591.0,0.09945691421508954,56,4591.0
2840.0,47,3457.0,43.2125,2.7778838927179317,47,4684.0,0.11323969834188939,47,4684.0
2845.0,52,3557.0,43.91358024691358,2.2908899317272993,52,4818.0,0.0953702174045724,52,4818.0
2850.0,55,3812.0,45.9277108433735,2.4422532431503874,55,5027.0,0.0918964635243011,55,5027.0
2855.0,61,4050.0,48.795180722891565,2.1390759206073415,61,5265.0,0.10540729755091133,61,5265.0
2860.0,63,4331.0,52.81707317073171,1.3589483069467123,63,5547.0,0.06034297458616256,63,5547.0
2865.0,74,4675.0,53.735632183908045,0.9412360036486743,74,5891.0,0.009981741366797869,74,5891.0
2870.0,78,4799.0,55.80232558139535,0.8762533757980502,78,5962.0,0.02098212534624778,78,5962.0
2875.0,68,3877.0,47.28048780487805,1.1817772296674145,68,5855.0,0.0434278836373645,68,5855.0
2880.0,60,3068.0,37.41463414634146,2.113516327141777,60,5430.0,0.05003267457876681,60,5430.0
2885.0,52,2185.0,25.705882352941178,2.033057652885672,52,5665.0,0.08297924766163943,52,5665.0
2890.0,47,1401.0,17.085365853658537,2.647095156066033,47,5861.0,0.12262585914101849,47,5861.0
2895.0,54,1655.0,20.6875,1.9426917846300227,54,6115.0,0.08989196978294606,54,6115.0
2900.0,63,1832.0,21.55294117647059,0.9814282973214729,63,6136.0,0.027419239662473786,63,6136.0
2905.0,59,1573.0,18.951807228915662,1.1658345913871724,59,6150.0,0.04710387232642635,59,6150.0
2910.0,58,1316.0,15.48235294117647,2.337365691217756,58,5974.0,0.06732351183299443,58,5974.0
2915.0,52,1111.0,13.385542168674698,2.257848119227887,52,5811.0,0.06251944361457104,52,5811.0
2920.0,43,661.0,8.060975609756097,2.2387665634634533,43,5525.0,0.10646609367664185,43,5525.0
2925.0,37,604.0,7.365853658536586,3.4231682465410507,37,4902.0,0.1696017602398815,37,4902.0
2930.0,36,596.0,7.095238095238095,3.5454362306453877,36,4299.0,0.1601673970219824,36,4299.0
2935.0,37,599.0,7.130952380952381,3.5137810903133158,37,3721.0,0.14433956864581052,37,3721.0
2940.0,45,732.0,8.714285714285714,3.1841743705298557,45,3560.0,0.13871110828048747,45,3560.0
2945.0,53,901.0,10.855421686746988,2.8484790635499144,53,3736.0,0.10691981086409034,53,3736.0
2950.0,60,1181.0,14.580246913580247,1.7977985288692861,60,4009.0,0.04814614306010875,60,4009.0
2955.0,66,1502.0,17.67058823529412,1.3235568808783766,66,4330.0,0.04811108862470535,66,4330.0
2960.0,74,1854.0,21.558139534883722,1.0636891514590932,74,4682.0,0.07703972740958878,74,4682.0
2965.0,78,2230.0,25.0561797752809,0.718454372556971,78,5058.0,0.05574224719631943,78,5058.0
2970.0,84,2528.0,27.47826086956522,0.1895400457038377,84,5183.0,0.011801861650266468,84,5183.0
2975.0,80,2416.0,25.70212765957447,0.8744663680360796,80,5182.0,0.02745429190574838,80,5182.0
2980.0,72,2401.0,25.54255319148936,2.0649460998257,72,4889.0,0.059075799065660836,72,4889.0
2985.0,63,2176.0,23.912087912087912,1.8751105115895186,63,4706.0,0.0548768454670431,63,4706.0
2990.0,49,1672.0,18.786516853932586,1.778925073272233,49,4417.0,0.07585883132153096,49,4417.0
2995.0,48,1564.0,17.0,3.026316799059946,48,4219.0,0.1355216528624862,48,4219.0
3000.0,47,1410.0,15.161290322580646,2.617252116005731,47,4393.0,0.12639614666903062,47,4393.0
3005.0,50,1335.0,14.833333333333334,1.9550165558806372,50,4580.0,0.07796003212339525,50,4580.0
3010.0,65,1621.0,17.24468085106383,1.728938709745013,65,4866.0,0.05327244567468418,65,4866.0
3015.0,73,1938.0,20.1875,1.4077904032851623,73,5059.0,0.036498612027030496,73,5059.0
3020.0,70,2158.0,23.456521739130434,0.8902966839914339,70,5185.0,0.024536984213568293,70,5185.0
3025.0,72,2409.0,24.581632653061224,1.676204929757029,72,5249.0,0.037833473477075524,72,5249.0
3030.0,64,2371.0,24.193877551020407,2.0906454665560315,64,5284.0,0.08874532222025489,64,5284.0
3035.0,52,1598.0,17.0,2.332821338133638,52,5302.0,0.11393436371284332,52,5302.0
3040.0,51,1637.0,17.793478260869566,2.407203061258767,51,4959.0,0.08667321728343157,51,4959.0
3045.0,60,1916.0,20.382978723404257,1.8053792039413699,60,5238.0,0.05891586890690777,60,5238.0
3050.0,72,2249.0,24.445652173913043,1.352445010515348,72,5571.0,0.028881188923447404,72,5571.0
3055.0,80,2637.0,28.978021978021978,0.7209726217724177,80,5959.0,0.008154098207758592,80,5959.0
3060.0,87,3062.0,34.40449438202247,0.12443720579163352,87,6384.0,0.00024355251451662504,87,6384.0
3065.0,86,3426.0,36.4468085106383,0.43295281032549304,86,6649.0,0.028148070720940582,86,6649.0
3070.0,76,3498.0,37.212765957446805,1.4925099462656213,76,6802.0,0.07375999107994527,76,6802.0
3075.0,67,3555.0,37.819148936170215,2.1333248907244045,67,6762.0,0.07096099703880793,67,6762.0
3080.0,64,3654.0,39.29032258064516,2.5589401553680613,64,6727.0,0.0725723257653477,64,6727.0
3085.0,56,3744.0,42.54545454545455,3.1208525003672274,56,6735.0,0.1153717199618981,56,6735.0
3090.0,55,3935.0,45.229885057471265,2.8362773314251193,55,6754.0,0.12642609919769554,55,6754.0
3095.0,53,3780.0,43.95348837209303,2.2595435766042056,53,6827.0,0.09916198734074474,53,6827.0
3100.0,57,3991.0,43.857142857142854,2.621290661976065,57,6713.0,0.09930019350965716,57,6713.0
3105.0,60,4226.0,47.48314606741573,2.281040465959212,60,6949.0,0.09437754193072433,60,6949.0
3110.0,69,4502.0,52.348837209302324,1.8843076888399861,69,7225.0,0.058774546798694274,69,7225.0
3115.0,76,4864.0,55.9080459770115,1.4052531712919272,76,7587.0,0.011024983027905394,76,7587.0
3120.0,75,5205.0,59.14772727272727,1.2102744605580746,75,7852.0,0.02925798858265103,75,7852.0
3125.0,73,5483.0,63.75581395348837,1.2095670135225947,73,8135.0,0.04482546735310055,73,8135.0
3130.0,74,5850.0,68.02325581395348,1.4444002691594877,74,8450.0,0.0005218357140361028,74,8450.0
3135.0,74,5929.0,67.375,1.3180437799740776,74,8323.0,0.012425294226037208,74,8323.0
3140.0,64,4799.0,55.80232558139535,2.04283483630142,64,8163.0,0.08117948846790304,64,8163.0
3145.0,54,3647.0,44.47560975609756,2.9171462754198254,54,6971.0,0.1083857920588218,54,6971.0
3150.0,51,2926.0,37.037974683544306,2.1560132031907164,51,7038.0,0.0753918492859001,51,7038.0
3155.0,41,1301.0,17.11842105263158,2.1863864128869976,41,7072.0,0.10675123455835075,41,7072.0
3160.0,38,859.0,11.302631578947368,3.157200297349579,38,6740.0,0.1264569094639851,38,6740.0
3165.0,35,562.0,7.298701298701299,2.5630433753251713,35,6404.0,0.0975827706508899,35,6404.0
3170.0,30,254.0,3.2151898734177213,2.434842278206445,30,6052.0,0.10274157725282265,30,6052.0
3175.0,34,315.0,3.841463414634146,3.191840405128811,34,4894.0,0.1355422538805693,34,4894.0
3180.0,39,366.0,4.409638554216867,3.144041444347867,39,5025.0,0.15537988256312912,39,5025.0
3185.0,40,461.0,5.7625,2.015811870559582,40,5186.0,0.07704035622275733,40,5186.0
3190.0,53,692.0,8.238095238095237,1.6697084547259853,53,5427.0,0.05652792238577277,53,5427.0
3195.0,64,936.0,11.011764705882353,1.2742959386024852,64,5507.0,0.04941319388159344,64,5507.0
3200.0,62,975.0,11.607142857142858,1.1961987159898464,62,5493.0,0.04628467209146219,62,5493.0
3205.0,64,1028.0,11.422222222222222,1.861611161160973,64,5340.0,0.044233767369424734,64,5340.0
3210.0,56,1123.0,12.477777777777778,2.2323205517477622,56,5620.0,0.09684551059244073,56,5620.0
3215.0,53,1221.0,14.364705882352942,2.1334190439077454,53,5891.0,0.11808669231137743,53,5891.0
3220.0,61,1511.0,17.776470588235295,1.4014544595249845,61,6181.0,0.04799597455957436,61,6181.0
3225.0,70,1753.0,19.920454545454547,0.6755652244572699,70,6023.0,0.025033440310507683,70,6023.0
3230.0,65,1652.0,18.56179775280899,1.172838047993153,65,5857.0,0.050287537308884835,65,5857.0
3235.0,63,1615.0,17.944444444444443,1.964845953612976,63,5054.0,0.06196970438429657,63,5054.0
3240.0,60,1609.0,18.49425287356322,2.5542027273209205,60,4388.0,0.07194800290176283,60,4388.0
3245.0,51,1539.0,17.1,2.7388348872814117,51,4468.0,0.1164418381265778,51,4468.0
3250.0,57,1813.0,21.32941176470588,2.3690803196884027,57,4742.0,0.13841020569247564,57,4742.0
3255.0,66,2116.0,24.6046511627907,1.1081731063300144,66,5045.0,0.03936488036652871,66,5045.0
3260.0,71,2432.0,26.725274725274726,0.9503554433585542,71,4980.0,0.02819375835516142,71,4980.0
3265.0,66,2653.0,29.153846153846153,1.2573913284712999,66,4995.0,0.04747934144733084,66,4995.0
3270.0,68,2911.0,31.301075268817204,2.1104457277588304,68,5035.0,0.058488988371074135,68,5035.0
3275.0,63,3158.0,34.32608695652174,1.9368703575543156,63,5355.0,0.053663350987641856,63,5355.0
3280.0,65,3419.0,36.763440860215056,1.5799272989183075,65,5668.0,0.06650027448877985,65,5668.0
3285.0,67,3741.0,40.66304347826087,1.5776509076115466,67,5995.0,0.09605531539354079,67,5995.0
3290.0,74,3938.0,41.8936170212766,0.5362120900013856,74,6034.0,0.037463952581112736,74,6034.0
3295.0,77,3529.0,36.01020408163265,0.7353530129583153,77,5933.0,0.021853786166869178,77,5933.0
3300.0,73,3220.0,32.2,1.747054605569552,73,5551.0,0.04585272201653956,73,5551.0
3305.0,69,2991.0,30.520408163265305,2.5038311082452798,69,5332.0,0.08566186537276901,69,5332.0
3310.0,60,2337.0,24.861702127659573,2.0495638738926028,60,5186.0,0.07164525876609894,60,5186.0
3315.0,58,1437.0,15.287234042553191,2.30277886769995,58,5037.0,0.0903493197909554,58,5037.0
3320.0,57,1368.0,14.25,2.7126364396414817,57,4756.0,0.1107580120432383,57,4756.0
3325.0,62,1666.0,17.175257731958762,3.0403904079635264,62,4686.0,0.1099339113601481,62,4686.0
3330.0,71,1927.0,20.072916666666668,1.9144770330809358,71,4886.0,0.054379533998788976,71,4886.0
3335.0,78,2253.0,23.71578947368421,1.097558511740823,78,5213.0,0.024352545369231093,78,5213.0
3340.0,84,2664.0,28.956521739130434,1.1684012015566567,84,5625.0,0.0224822584589789,84,5625.0
3345.0,82,3052.0,33.53846153846154,0.7885733038407505,82,5957.0,0.003375462511798489,82,5957.0
3350.0,78,3368.0,37.422222222222224,0.8011071922046499,78,6255.0,0.018346215581753318,78,6255.0
3355.0,78,3758.0,40.84782608695652,1.8309096666673534,78,6609.0,0.05030881511588796,78,6609.0
3360.0,76,4045.0,45.449438202247194,1.6602560205638606,76,6616.0,0.06489565754918335,76,6616.0
3365.0,68,3915.0,46.607142857142854,0.9313588992094036,68,6635.0,0.03553211908392787,68,6635.0
3370.0,62,3787.0,44.03488372093023,2.1879445784602423,62,6098.0,0.050833841850893735,62,6098.0
3375.0,54,3711.0,44.17857142857143,2.260965070662612,54,6367.0,0.07972911437770883,54,6367.0
3380.0,49,3618.0,45.79746835443038,1.7879454070019336,49,6609.0,0.06564642226495201,49,6609.0
3385.0,62,3896.0,47.51219512195122,1.2200280523149285,62,6887.0,0.04290087205600764,62,6887.0
3390.0,65,3977.0,46.24418604651163,1.177434234421909,65,6851.0,0.06793004079470612,65,6851.0
3395.0,60,3150.0,36.627906976744185,1.7259443674511157,60,6657.0,0.09668032213116506,60,6657.0
3400.0,59,2452.0,27.863636363636363,2.237253144253812,59,6151.0,0.06781143384786328,59,6151.0
3405.0,59,1818.0,21.13953488372093,1.7121991201442956,59,6104.0,0.061462795013674146,59,6104.0
3410.0,46,818.0,9.855421686746988,2.300693751446837,46,5885.0,0.10051031791001816,46,5885.0
3415.0,43,807.0,9.841463414634147,2.8898085687105595,43,5380.0,0.10633631365641413,43,5380.0
3420.0,44,665.0,8.012048192771084,2.201200082244176,44,5458.0,0.08145017545129528,44,5458.0
3425.0,40,424.0,4.930232558139535,2.1273340672236993,40,5498.0,0.10032904497109188,40,5498.0
3430.0,54,659.0,7.488636363636363,2.7643521042741193,54,5636.0,0.10927851478645828,54,5636.0
3435.0,62,955.0,11.104651162790697,1.764723438938808,62,5932.0,0.05959131095810974,62,5932.0
3440.0,72,1254.0,14.413793103448276,0.7807050914516651,72,5945.0,0.013997298867779881,72,5945.0
3445.0,69,1430.0,16.823529411764707,1.1867853455043884,69,5961.0,0.04963485240543814,69,5961.0
3450.0,63,1613.0,18.329545454545453,2.137104474779108,63,5852.0,0.069094647892928,63,5852.0
3455.0,58,1704.0,19.586206896551722,1.9700049742850412,58,5736.0,0.05823399746231797,58,5736.0
3460.0,49,1393.0,16.197674418604652,2.1572714716776296,49,5447.0,0.09231651322999507,49,5447.0
3465.0,43,1192.0,13.86046511627907,3.315944763988294,43,4841.0,0.1512006230179215,43,4841.0
3470.0,42,1005.0,11.551724137931034,3.606146884641086,42,4079.0,0.14438276077243975,42,4079.0
3475.0,47,872.0,10.13953488372093,3.3456296081512398,47,3664.0,0.1322864759213233,47,3664.0
3480.0,50,1066.0,12.69047619047619,2.9531151865743657,50,3383.0,0.13564986376228233,50,3383.0
3485.0,52,1091.0,13.144578313253012,2.310303933074167,52,3426.0,0.11135170179121728,52,3426.0
3490.0,49,1165.0,14.207317073170731,2.5746581645238793,49,3128.0,0.09143882325283861,49,3128.0
3495.0,48,1140.0,13.10344827586207,2.3879022672391796,48,3263.0,0.10309332250349469,48,3263.0
3500.0,44,1036.0,11.640449438202246,2.608757988215343,44,3400.0,0.14217107038645094,44,3400.0
3505.0,54,1281.0,14.076923076923077,2.251983243616923,54,3586.0,0.09308845983658676,54,3586.0
3510.0,70,1592.0,16.757894736842104,1.220790775109577,70,3898.0,0.02951468902438329,70,3898.0
3515.0,81,1974.0,21.0,0.7281829070666057,81,4280.0,0.01877972200050422,81,4280.0
3520.0,85,2313.0,24.347368421052632,0.5855349623847695,85,4316.0,0.02317763309548925,85,4316.0
3525.0,79,2353.0,24.768421052631577,0.9574781429561956,79,4154.0,0.02623805940845984,79,4154.0
3530.0,72,2397.0,24.459183673469386,1.7885036255256417,72,4025.0,0.04505271813581502,72,4025.0
3535.0,65,2411.0,24.353535353535353,2.3624576703459064,65,4162.0,0.10266736925973463,65,4162.0
3540.0,51,2106.0,22.891304347826086,2.1769955295861996,51,4054.0,0.1061148612948222,51,4054.0
3545.0,53,2026.0,22.02173913043478,2.2970067590984455,53,3985.0,0.08052238174263092,53,3985.0
3550.0,54,2027.0,21.33684210526316,2.646722199754978,54,3854.0,0.08176627046157872,54,3854.0
3555.0,51,1993.0,21.20212765957447,2.408487472284589,51,3908.0,0.10127990679046633,51,3908.0
3560.0,51,2063.0,21.9468085106383,2.5065538622907595,51,3866.0,0.10958358020199759,51,3866.0
3565.0,61,2197.0,22.885416666666668,2.184423886150645,61,3838.0,0.07388621050639203,61,3838.0
3570.0,53,2347.0,23.948979591836736,3.115908496721704,53,3871.0,0.11482801021287961,53,3871.0
3575.0,52,2484.0,25.608247422680414,2.575140378162509,52,3968.0,0.12195939415305412,52,3968.0
3580.0,59,2568.0,26.75,1.9619970413384824,59,4022.0,0.08967643901199983,59,4022.0
3585.0,62,2736.0,27.36,2.242987411042575,62,3986.0,0.08104956148314156,62,3986.0
3590.0,59,2553.0,25.277227722772277,2.0648848269701636,59,3914.0,0.08686805359521586,59,3914.0
3595.0,54,1273.0,12.603960396039604,1.9571931084693666,54,3818.0,0.0847172488690784,54,3818.0
3600.0,63,1045.0,10.346534653465346,2.1333962190994855,63,3252.0,0.07621031046709523,63,3252.0
3605.0,71,1162.0,10.468468468468469,2.0772428162226233,71,3433.0,0.08374830395338623,71,3433.0
3610.0,71,1239.0,11.68867924528302,1.6359400211410466,71,3639.0,0.08081398807936804,71,3639.0
3615.0,75,1357.0,12.80188679245283,1.5726285483068818,75,3657.0,0.0391018869531228,75,3657.0
3620.0,76,1562.0,15.01923076923077,2.0059455504928283,76,3704.0,0.05611417037989973,76,3704.0
3625.0,68,1681.0,16.480392156862745,2.253406779147093,68,3858.0,0.09114990342099429,68,3858.0
3630.0,63,1669.0,17.20618556701031,1.749274003513967,63,4016.0,0.083631244307571,63,4016.0
3635.0,64,1728.0,17.632653061224488,2.129696150740679,64,3853.0,0.07053092891495333,64,3853.0
3640.0,63,1759.0,16.752380952380953,1.9745172101475132,63,4051.0,0.0783885147799966,63,4051.0
3645.0,55,1635.0,15.571428571428571,2.4193133328784087,55,4230.0,0.12307024383570078,55,4230.0
3650.0,60,1828.0,17.245283018867923,2.0443549151619083,60,4246.0,0.07227324625769918,60,4246.0
3655.0,69,1828.0,16.618181818181817,1.7431915323870637,69,4317.0,0.05960662263758085,69,4317.0
3660.0,60,1309.0,12.233644859813085,1.7432954134326726,60,4318.0,0.07607527955793697,60,4318.0
3665.0,69,1554.0,14.38888888888889,1.9488725922011905,69,4270.0,0.0655077360133303,69,4270.0
3670.0,82,1876.0,17.054545454545455,1.3891408448253977,82,4442.0,0.0350359956761496,82,4442.0
3675.0,82,2009.0,17.9375,1.2599761778543805,82,4702.0,0.03384979198760719,82,4702.0
3680.0,81,2189.0,19.544642857142858,2.0117830510060495,81,4679.0,0.07240483025067035,81,4679.0
3685.0,78,2319.0,21.081818181818182,1.6206068874192314,78,4951.0,0.053051041350727725,78,4951.0
3690.0,69,2234.0,21.48076923076923,1.5045710201279465,69,5084.0,0.054446608221040284,69,5084.0
3695.0,66,2349.0,22.160377358490567,2.192521756933815,66,5187.0,0.07501841809265579,66,5187.0
3700.0,67,2318.0,21.66355140186916,1.9212031122425541,67,5082.0,0.07955738266599634,67,5082.0
3705.0,61,1496.0,14.524271844660195,1.4034775624907714,61,5023.0,0.06669165298451722,61,5023.0
3710.0,66,1011.0,9.190909090909091,2.007590753268673,66,4529.0,0.0745211260994965,66,4529.0
3715.0,72,1181.0,10.359649122807017,2.05382231468678,72,4522.0,0.09053885227674954,72,4522.0
3720.0,73,1260.0,11.454545454545455,1.375916245458069,73,4596.0,0.057863959549373796,73,4596.0
3725.0,76,1392.0,12.654545454545454,1.5035665258032538,76,4530.0,0.03241861407653307,76,4530.0
3730.0,80,1605.0,14.590909090909092,2.075734390546999,80,4612.0,0.06642984241798691,80,4612.0
3735.0,71,1759.0,16.59433962264151,2.2176512001779938,71,4561.0,0.09141604995797989,71,4561.0
3740.0,68,1924.0,18.323809523809523,2.207232847434897,68,4532.0,0.08292701513675127,68,4532.0
3745.0,73,2139.0,20.17924528301887,2.1540273309219367,73,4387.0,0.06461821306485037,73,4387.0
3750.0,74,2338.0,22.056603773584907,1.8466084414019501,74,4496.0,0.07973060595357523,74,4496.0
3755.0,77,2009.0,18.952830188679247,1.542023940603521,77,4662.0,0.06988306037026425,77,4662.0
3760.0,84,2297.0,21.26851851851852,1.4787582512888078,84,4582.0,0.029693164241626147,84,4582.0
3765.0,90,2605.0,24.12037037037037,1.2168364756805288,90,4778.0,0.024340320216131122,90,4778.0
3770.0,86,2408.0,23.153846153846153,1.299707724093392,86,4998.0,0.03847350889048166,86,4998.0
3775.0,76,2205.0,22.05,1.6850986782033988,76,4827.0,0.034662166661877256,76,4827.0
3780.0,70,2093.0,21.577319587628867,2.2293396219838417,70,4819.0,0.06383242350560818,70,4819.0
3785.0,62,1922.0,19.612244897959183,2.2626255375471818,62,4914.0,0.10529461966830174,62,4914.0
3790.0,60,2085.0,21.94736842105263,2.4981452925516265,60,5102.0,0.13886154659285294,60,5102.0
3795.0,68,2405.0,25.052083333333332,1.9969720150916255,68,5294.0,0.05760930867725203,68,5294.0
3800.0,75,2743.0,27.43,1.4325537862060447,75,5452.0,0.024386765865703743,75,5452.0
3805.0,74,2987.0,30.479591836734695,1.4636796832310104,74,5621.0,0.049872811949103056,74,5621.0
3810.0,71,3262.0,33.628865979381445,2.005769938387766,71,5406.0,0.05981692174556965,71,5406.0
3815.0,70,3508.0,36.541666666666664,1.875968269283998,70,5724.0,0.05049710115017001,70,5724.0
3820.0,65,3752.0,39.083333333333336,1.5715131791763113,65,6046.0,0.06495730560953791,65,6046.0
3825.0,69,4087.0,42.572916666666664,1.6008282128317761,69,6381.0,0.08634986620433203,69,6381.0
3830.0,78,4300.0,43.43434343434343,0.843906894070399,78,6445.0,0.0344574463785258,78,6445.0
3835.0,78,3898.0,38.98,0.7655806184846099,78,6459.0,0.02206841920236678,78,6459.0
3840.0,75,3923.0,38.46078431372549,1.7742137944401855,75,6345.0,0.04403305767693285,75,6345.0
3845.0,78,4237.0,42.7979797979798,1.7307527949460622,78,6481.0,0.06169040357347587,78,6481.0
3850.0,73,4331.0,45.589473684210525,1.2061308066788465,73,6438.0,0.015183409919734632,73,6438.0
3855.0,72,4490.0,46.770833333333336,2.024124250079313,72,6422.0,0.054770111966490356,72,6422.0
3860.0,62,4558.0,47.479166666666664,2.428251468006136,62,6571.0,0.10926475370417527,62,6571.0
3865.0,50,4529.0,50.32222222222222,2.0928700498018813,50,6609.0,0.1015268448625156,50,6609.0
3870.0,58,4802.0,53.355555555555554,2.2836702492620047,58,6670.0,0.06856130775204446,58,6670.0
3875.0,66,5115.0,54.41489361702128,2.389374370003959,66,6944.0,0.053713753406954244,66,6944.0
3880.0,71,5455.0,60.611111111111114,1.617058074333806,71,7284.0,0.03267467423495449,71,7284.0
3885.0,77,5828.0,66.98850574712644,0.4867429761726361,77,7658.0,0.0020315078632123997,77,7658.0
3890.0,84,6240.0,70.9090909090909,0.0796056936208786,84,8071.0,0.006335823923905749,84,8071.0
3895.0,82,6340.0,70.44444444444444,0.6842884647342722,82,8021.0,0.050328254065666635,82,8021.0
3900.0,72,5153.0,57.25555555555555,1.590414206074717,72,7785.0,0.08407615741461621,72,7785.0
3905.0,66,4091.0,45.455555555555556,2.03494224971188,66,7107.0,0.05477108105351589,66,7107.0
3910.0,62,3082.0,34.24444444444445,1.847132101408018,62,7142.0,0.05965733494352714,62,7142.0
3915.0,49,1655.0,19.702380952380953,2.0892092667447675,49,7184.0,0.09412177481517285,49,7184.0
3920.0,46,1320.0,15.714285714285714,2.60196685764177,46,6923.0,0.09213822277926692,46,6923.0
3925.0,51,1201.0,13.647727272727273,2.841171638413962,51,6836.0,0.09998565169829567,51,6836.0
3930.0,42,997.0,11.329545454545455,2.8659565505836038,42,6456.0,0.1363268343288702,42,6456.0
3935.0,45,1033.0,11.606741573033707,3.175562778600476,45,6279.0,0.1645019815997862,45,6279.0
3940.0,49,1124.0,12.772727272727273,2.6275678162866036,49,5334.0,0.10072326472355364,49,5334.0
3945.0,50,1213.0,13.629213483146067,2.001644635721665,50,5398.0,0.07881337407880172,50,5398.0
3950.0,43,1213.0,13.629213483146067,2.2201633252687083,43,5459.0,0.11052186130622356,43,5459.0
3955.0,47,1356.0,14.901098901098901,2.471750142376579,47,5220.0,0.08567681846199925,47,5220.0
3960.0,55,1294.0,13.76595744680851,2.042817938570928,55,5225.0,0.07457074859504488,55,5225.0
3965.0,45,727.0,7.652631578947369,1.8954017768219922,45,5244.0,0.10342883809988188,45,5244.0
3970.0,54,902.0,9.204081632653061,2.682659508072535,54,5034.0,0.11951906773621052,54,5034.0
3975.0,69,1182.0,11.82,1.5480173054101,69,5160.0,0.04331121410864366,69,5160.0
3980.0,73,1411.0,14.11,1.2613868879756995,73,5375.0,0.030766728313054294,73,5375.0
3985.0,71,1685.0,17.02020202020202,2.09550245834113,71,5347.0,0.050874927966896584,71,5347.0
3990.0,66,1772.0,18.851063829787233,1.6795345698903286,66,5517.0,0.06139816538080571,66,5517.0
3995.0,57,1588.0,17.644444444444446,1.6245158631176464,57,5650.0,0.06838570596549226,57,5650.0
4000.0,64,1888.0,19.666666666666668,2.2233042344270553,64,5715.0,0.06930924600036834,64,5715.0
4005.0,70,2097.0,21.397959183673468,2.0730768562974946,70,5537.0,0.07615082908213325,70,5537.0
4010.0,66,1849.0,19.670212765957448,1.4434973367143804,66,5412.0,0.05686300038742584,66,5412.0
4015.0,70,1739.0,18.114583333333332,1.688007808024951,70,4389.0,0.03150877633205806,70,4389.0
4020.0,66,1550.0,16.48936170212766,1.9664186169135904,66,4554.0,0.06445216858340042,66,4554.0
4025.0,51,951.0,10.685393258426966,2.0115179767682716,51,4697.0,0.0862096992885476,51,4697.0
4030.0,57,1220.0,13.863636363636363,2.2002732848929676,57,4713.0,0.06741726866233717,57,4713.0
4035.0,62,1457.0,15.666666666666666,1.6310846111817512,62,4917.0,0.03608129904361042,62,4917.0
4040.0,67,1690.0,18.571428571428573,2.031649266117379,67,5171.0,0.07147128371047616,67,5171.0
4045.0,73,2045.0,22.97752808988764,1.77886408468741,73,5506.0,0.06623404200700532,73,5506.0
4050.0,80,2399.0,26.655555555555555,0.8801425394238908,80,5830.0,0.006772948999115814,80,5830.0
4055.0,79,2753.0,31.28409090909091,0.9893400440207956,79,6188.0,0.01911602189471082,79,6188.0
4060.0,79,3148.0,36.18390804597701,1.2554520254298327,79,6580.0,0.02431733417461106,79,6580.0
4065.0,77,3451.0,41.083333333333336,0.6318294568388121,77,6434.0,0.011585240781895077,77,6434.0
4070.0,69,3389.0,39.870588235294115,0.8237859325084561,69,6264.0,0.026344328043538156,69,6264.0
4075.0,60,3358.0,38.59770114942529,2.561632344671222,60,5301.0,0.08822592579816921,60,5301.0
4080.0,51,3118.0,36.68235294117647,2.928257485787258,51,5274.0,0.13473376536005027,51,5274.0
4085.0,41,2182.0,26.938271604938272,2.194983614643772,41,5282.0,0.08666407192425303,41,5282.0
4090.0,44,1631.0,20.135802469135804,2.6858863520341085,44,4871.0,0.09691809463295108,44,4871.0
4095.0,40,1027.0,12.524390243902438,2.575864960661116,40,5022.0,0.11008180658599345,40,5022.0
4100.0,41,545.0,6.89873417721519,2.1245963765505884,41,5201.0,0.09503097161583665,41,5201.0
4105.0,56,784.0,9.223529411764705,1.4818022153564212,56,5442.0,0.045547861561321436,56,5442.0
4110.0,63,964.0,10.831460674157304,1.375171101478912,63,5622.0,0.060271975042767684,63,5622.0
4115.0,64,1115.0,12.816091954022989,1.688151370155449,64,5850.0,0.09078806102795506,64,5850.0
4120.0,72,1457.0,16.556818181818183,1.6782677952185807,72,6115.0,0.027811555054121178,72,6115.0
4125.0,77,1832.0,20.584269662921347,1.184780231157912,77,6490.0,0.006328079701528422,77,6490.0
4130.0,78,2222.0,26.771084337349397,0.7398754817283949,78,6880.0,0.022961679755724697,78,6880.0
4135.0,78,2612.0,31.853658536585368,0.6845108926755115,78,7270.0,0.023932139908063,78,7270.0
4140.0,78,3002.0,37.525,0.3505604224543292,78,7660.0,0.0,78,7660.0
4145.0,76,3351.0,38.96511627906977,0.7964259486078767,76,8009.0,0.03123983733154458,76,8009.0
4150.0,76,3731.0,44.416666666666664,1.168690263480315,76,8389.0,0.06555917743310968,76,8389.0
4155.0,76,4111.0,48.94047619047619,0.9790379263964778,76,8769.0,0.02999651902181371,76,8769.0
4160.0,78,4496.0,53.523809523809526,0.6625663663554132,78,9154.0,0.0032593296015155,78,9154.0
4165.0,76,4871.0,57.98809523809524,0.9453546929901868,76,9529.0,0.02109231128654942,76,9529.0
4170.0,76,5251.0,65.6375,0.6317410258681188,76,9909.0,0.024591481316861518,76,9909.0
4175.0,76,5631.0,70.3875,0.7090388722101985,76,10289.0,9.4037046197101e-08,76,10289.0
4180.0,78,6011.0,71.55952380952381,0.5770120612358284,78,10669.0,0.018275481416066938,78,10669.0
4185.0,74,6177.0,75.32926829268293,0.9417344607614676,74,10618.0,0.06275739930003618,74,10618.0
4190.0,64,5478.0,66.8048780487805,1.6723632084157118,64,10325.0,0.0820223924617059,64,10325.0
4195.0,60,4767.0,56.75,1.9601521775492858,60,9601.0,0.04015741377347729,60,9601.0
4200.0,52,4259.0,51.9390243902439,3.0975149049668156,52,9100.0,0.10940544850127784,52,9100.0
4205.0,43,3499.0,44.85897435897436,3.218885821846213,43,8520.0,0.13694062320796768,43,8520.0
4210.0,38,2625.0,35.472972972972975,2.7202197327597655,38,8303.0,0.12021518563986906,38,8303.0
4215.0,39,1880.0,24.102564102564102,2.9310201834266203,39,7267.0,0.10300671400176752,39,7267.0
4220.0,35,1134.0,14.175,4.403922223585847,35,6663.0,0.19672843921634975,35,6663.0
4225.0,32,419.0,5.371794871794871,3.7871547923736872,32,6377.0,0.19474834822107692,32,6377.0
4230.0,43,552.0,7.2631578947368425,2.4085221304331106,43,6510.0,0.10564381889017749,43,6510.0
4235.0,58,810.0,9.878048780487806,2.0681163105218707,58,6769.0,0.05569537599330448,58,6769.0
4240.0,61,1082.0,13.525,1.479690536365083,61,6653.0,0.060000913438970176,61,6653.0
4245.0,57,1249.0,15.6125,1.0865267374095748,57,6545.0,0.03906181363948553,57,6545.0
4250.0,58,1452.0,16.689655172413794,2.049776400818908,58,5641.0,0.04824081893792305,58,5641.0
4255.0,54,1660.0,19.080459770114942,3.3001951895450015,54,5183.0,0.12655835195239692,54,5183.0
4260.0,47,1757.0,21.426829268292682,3.0140331678035377,47,4941.0,0.15446631780695408,47,4941.0
4265.0,45,1449.0,18.341772151898734,2.3173862690209326,45,4783.0,0.12263103979951237,45,4783.0
4270.0,47,1229.0,14.80722891566265,2.5585066886200427,47,4073.0,0.09616455001481033,47,4073.0
4275.0,40,1002.0,12.072289156626505,2.6273208094270664,40,4090.0,0.11709490337787685,40,4090.0
4280.0,44,836.0,10.072289156626505,2.0220304132095035,44,4285.0,0.0715898565703101,44,4285.0
4285.0,65,1104.0,12.545454545454545,1.2001272369681302,65,4554.0,0.04578491861914751,65,4554.0
4290.0,70,1371.0,15.065934065934066,1.0978195718381072,70,4599.0,0.05778328983349182,70,4599.0
4295.0,67,1429.0,15.532608695652174,1.509304763782741,67,4657.0,0.08149953115583661,67,4657.0
4300.0,68,1548.0,16.46808510638298,1.9091270665113045,68,4496.0,0.0583990036082997,68,4496.0
4305.0,64,1579.0,16.79787234042553,1.8447341392889696,64,4362.0,0.0539151256198725,64,4362.0
4310.0,51,1407.0,15.808988764044944,2.104143550006861,51,4287.0,0.09850570093560325,51,4287.0
4315.0,49,1450.0,16.477272727272727,2.2787751473928486,49,3491.0,0.07910191027347732,49,3491.0
4320.0,48,1442.0,15.846153846153847,2.880185986025341,48,3237.0,0.10275216880425912,48,3237.0
4325.0,45,1229.0,13.074468085106384,2.6078200260946836,45,3056.0,0.11059749462929502,45,3056.0
4330.0,48,644.0,6.924731182795699,3.090311747745583,48,3057.0,0.15632005667240761,48,3057.0
4335.0,58,803.0,8.728260869565217,2.529028894382467,58,2826.0,0.09855396337445534,58,2826.0
4340.0,67,1038.0,11.161290322580646,1.6899718697656387,67,3061.0,0.052496274540663634,67,3061.0
4345.0,74,1296.0,14.241758241758241,1.4985678989231987,74,3337.0,0.04555041772295178,74,3337.0
4350.0,76,1670.0,18.555555555555557,1.6108240308092219,76,3693.0,0.033968554384535526,76,3693.0
4355.0,82,2060.0,22.63736263736264,0.9691337386728425,82,4083.0,0.004045906926198948,82,4083.0
4360.0,86,2412.0,26.217391304347824,0.30218388532103857,86,4292.0,0.01817550544343311,86,4292.0
4365.0,74,2477.0,26.92391304347826,1.5219347544707316,74,4471.0,0.07916276747567964,74,4471.0
4370.0,65,2543.0,27.641304347826086,2.256323760215308,65,4194.0,0.07076281108581806,65,4194.0
4375.0,62,2624.0,28.835164835164836,1.7876336577416048,62,4508.0,0.049240292522772365,62,4508.0
4380.0,57,2714.0,31.195402298850574,1.7057266983134154,57,4802.0,0.06974844879394415,57,4802.0
4385.0,65,3022.0,35.13953488372093,1.4672327348628182,65,5110.0,0.06576324779891417,65,5110.0
4390.0,71,3190.0,37.529411764705884,0.3648987918153986,71,5209.0,0.02415283678396011,71,5209.0
4395.0,66,2702.0,29.369565217391305,0.9691261722242746,66,5194.0,0.03604782835350124,66,5194.0
4400.0,66,2328.0,24.25,2.3135152021436154,66,4958.0,0.08504358500944172,66,4958.0
4405.0,63,2028.0,21.574468085106382,2.2848879556747113,63,5277.0,0.09676897316983252,63,5277.0
4410.0,61,1645.0,18.693181818181817,1.5549587637027806,61,5585.0,0.0498987777322486,61,5585.0
4415.0,69,1972.0,21.91111111111111,1.2941436910197175,69,5912.0,0.05414195561759673,69,5912.0
4420.0,74,2234.0,24.282608695652176,0.8659479167617918,74,5975.0,0.031802203694429335,74,5975.0
4425.0,72,2153.0,23.402173913043477,0.8764162072526945,72,6032.0,0.024731539336833384,72,6032.0
4430.0,70,2170.0,22.142857142857142,1.8148370177492674,70,5898.0,0.041646455507710484,70,5898.0
4435.0,67,2156.0,22.0,2.2574844351677403,67,6234.0,0.0969656570841154,67,6234.0
4440.0,64,2137.0,22.978494623655912,1.5704423294477359,64,6562.0,0.08863726249368056,64,6562.0
4445.0,73,2483.0,26.98913043478261,1.0473070420613084,73,6908.0,0.05700320084597012,73,6908.0
4450.0,76,2769.0,28.84375,0.8444943587658648,76,6971.0,0.028229103443468902,76,6971.0
4455.0,73,2715.0,27.70408163265306,1.1635410994377113,73,6898.0,0.04034718388562232,73,6898.0
4460.0,72,2679.0,27.060606060606062,1.7872328496947327,72,6537.0,0.0408292292389912,72,6537.0
4465.0,72,2669.0,26.69,1.642324170100379,72,6500.0,0.050674214151481996,72,6500.0
4470.0,54,2394.0,24.181818181818183,2.3979403631831073,54,6592.0,0.11665194062590056,54,6592.0
4475.0,53,2454.0,25.5625,2.723449770569031,53,6279.0,0.12478299645503571,53,6279.0
4480.0,53,2484.0,25.346938775510203,2.6267329388270624,53,6186.0,0.11165606718026458,53,6186.0
4485.0,54,2573.0,25.98989898989899,2.733342215808948,54,5975.0,0.10384335850646988,54,5975.0
4490.0,60,2811.0,28.393939393939394,2.300917982101059,60,5935.0,0.10285970837006815,60,5935.0
4495.0,65,2910.0,29.1,2.229378704149094,65,5765.0,0.07982690310983631,65,5765.0
4500.0,62,3043.0,31.371134020618555,2.4047896199231875,62,5344.0,0.07989034591384199,62,5344.0
4505.0,59,2885.0,28.009708737864077,2.4113730506847046,59,5087.0,0.09864522781247068,59,5087.0
4510.0,54,1471.0,14.564356435643564,2.416817552967432,54,4786.0,0.12529412092926479,54,4786.0
4515.0,59,979.0,9.504854368932039,2.410404265221549,59,4252.0,0.09843014772100783,59,4252.0
4520.0,66,922.0,8.537037037037036,1.8020895938718116,66,4458.0,0.06511055525633466,66,4458.0
4525.0,74,1135.0,10.70754716981132,1.5656772152986644,74,4686.0,0.054482656899085186,74,4686.0
4530.0,85,1535.0,14.619047619047619,1.1391913822325055,85,5071.0,0.00406197451019855,85,5071.0
4535.0,94,1937.0,18.99019607843137,0.8063524817073164,94,5200.0,0.000164764567698774,94,5200.0
4540.0,86,2102.0,20.607843137254903,0.8559548415399739,86,5316.0,0.03203024642957347,86,5316.0
4545.0,75,2269.0,22.245098039215687,2.2327694800374007,75,5061.0,0.0817508570759335,75,5061.0
4550.0,69,2376.0,23.76,2.079639598951469,69,5080.0,0.08540328175991485,69,5080.0
4555.0,61,2211.0,22.79381443298969,1.6400975152963462,61,5095.0,0.0735054774357351,61,5095.0
4560.0,59,2290.0,23.854166666666668,2.351037620967173,59,4792.0,0.09113928699785548,59,4792.0
4565.0,63,2558.0,26.102040816326532,1.8834483643358642,63,4973.0,0.06578663666373118,63,4973.0
4570.0,73,2878.0,30.294736842105262,0.9770843633236411,73,5293.0,0.013918924381323956,73,5293.0
4575.0,88,3290.0,33.57142857142857,0.7032293268641933,88,5706.0,0.012937476224390537,88,5706.0
4580.0,88,3674.0,37.48979591836735,0.9593526072851882,88,5934.0,0.05103251150397852,88,5934.0
4585.0,78,3795.0,39.53125,1.2689951146378184,78,6057.0,0.05786659174535176,78,6057.0
4590.0,73,3955.0,41.197916666666664,1.8620509640846843,73,6005.0,0.04628744726320468,73,6005.0
4595.0,66,3992.0,42.02105263157895,1.7773338647151693,66,6124.0,0.0652849054937892,66,6124.0
4600.0,54,3818.0,41.956043956043956,1.900490437678689,54,6223.0,0.08342391484063669,54,6223.0
4605.0,56,4005.0,44.5,2.230450855055182,56,6167.0,0.0765586326669207,56,6167.0
4610.0,63,4064.0,42.333333333333336,1.7017323293773898,63,6048.0,0.04381748080803788,63,6048.0
4615.0,64,3194.0,33.62105263157895,1.7973568047686201,64,5999.0,0.07407223035100172,64,5999.0
4620.0,62,2465.0,26.22340425531915,2.406091591549726,62,5310.0,0.09245709753030579,62,5310.0
4625.0,62,1722.0,18.717391304347824,1.773110357254103,62,5513.0,0.05473557259570034,62,5513.0
4630.0,54,1023.0,11.625,1.973789329388971,54,5685.0,0.0670924099382159,54,5685.0
4635.0,60,1312.0,14.909090909090908,2.058560159679856,60,5907.0,0.05366087296105109,60,5907.0
4640.0,65,1530.0,17.191011235955056,1.846617427881645,65,6125.0,0.045101590219953545,65,6125.0
4645.0,69,1683.0,18.7,1.5581240328637516,69,6327.0,0.036325482407831684,69,6327.0
4650.0,73,2032.0,22.57777777777778,1.8436792455798108,73,6628.0,0.04912718636120785,73,6628.0
4655.0,76,2396.0,27.227272727272727,1.574416470891949,76,6992.0,0.06901134069179585,76,6992.0
4660.0,76,2776.0,33.04761904761905,0.8148012525734218,76,7372.0,0.02097428900971381,76,7372.0
4665.0,80,3169.0,36.848837209302324,0.7131897565988773,80,7765.0,0.006746014143232356,80,7765.0
4670.0,78,3550.0,42.26190476190476,0.6943713089367894,78,8146.0,0.023068494260031665,78,8146.0
4675.0,76,3916.0,47.75609756097561,0.8161252821930405,76,8512.0,0.022891297225337413,76,8512.0
4680.0,77,4298.0,52.41463414634146,0.633747030785587,77,8894.0,0.00013624319077241246,77,8894.0
4685.0,78,4688.0,55.80952380952381,0.4014794520055321,78,9284.0,0.029806618915453213,78,9284.0
4690.0,76,4943.0,58.845238095238095,0.9694659132010202,76,9261.0,0.07108101804426137,76,9261.0
4695.0,66,4662.0,55.5,1.2657387874792119,66,9207.0,0.06313979179489729,66,9207.0
4700.0,62,4493.0,52.24418604651163,1.956494021907483,62,8366.0,0.046786907679252546,62,8366.0
4705.0,55,4034.0,47.45882352941177,2.316065287275156,55,8304.0,0.0826434892764189,55,8304.0
4710.0,42,2676.0,33.45,2.5412824756533947,42,8190.0,0.10932100463934005,42,8190.0
4715.0,40,1824.0,23.384615384615383,2.7375714017371,40,7391.0,0.09036473022866738,40,7391.0
4720.0,42,1156.0,13.44186046511628,2.490020520238573,42,7543.0,0.10181626217127641,42,7543.0
4725.0,42,505.0,6.0843373493975905,2.631624805368645,42,7701.0,0.13369337092256994,42,7701.0
4730.0,56,756.0,9.0,1.8028665013930925,56,7953.0,0.09442295473363313,56,7953.0
4735.0,70,1075.0,12.35632183908046,1.0083882309104197,70,8272.0,0.02158610990781149,70,8272.0
4740.0,74,1432.0,16.272727272727273,0.8927846418962225,74,8629.0,0.021041286951301478,74,8629.0
4745.0,79,1739.0,19.988505747126435,0.4388063057755428,79,8583.0,0.017149456399335263,79,8583.0
4750.0,74,1740.0,20.232558139534884,0.7726861400980372,74,8318.0,0.016184728208269113,74,8318.0
4755.0,64,1730.0,19.22222222222222,2.077156585423407,64,7603.0,0.06120924817095462,64,7603.0
4760.0,58,1761.0,19.566666666666666,2.6898201694309294,58,7694.0,0.12013858840924041,58,7694.0
4765.0,56,1779.0,20.686046511627907,2.0247445513149036,56,7977.0,0.09993409111873618,56,7977.0
4770.0,63,2080.0,24.761904761904763,1.3691584328993271,63,8278.0,0.042948024536359874,63,8278.0
4775.0,68,2302.0,25.865168539325843,1.1175007715489342,68,8189.0,0.03832007797542663,68,8189.0
4780.0,65,2091.0,23.233333333333334,1.416565098779509,65,8097.0,0.052761360806191766,65,8097.0
4785.0,63,1947.0,21.633333333333333,1.9086037032109813,63,7228.0,0.036841086930252925,63,7228.0
4790.0,60,1592.0,17.494505494505493,1.7431615270842324,60,7322.0,0.059124181314996,60,7322.0
4795.0,47,905.0,10.168539325842696,2.41250002199904,47,7397.0,0.12539756957544942,47,7397.0
4800.0,51,1073.0,12.193181818181818,2.952399643336423,51,7269.0,0.1311754973289827,51,7269.0
4805.0,57,1345.0,15.112359550561798,2.3564912226776613,57,7464.0,0.05328178854102748,57,7464.0
4810.0,67,1660.0,18.651685393258425,1.398306678185682,67,7780.0,0.017982467356764613,67,7780.0
4815.0,75,1971.0,22.91860465116279,0.8960595164242908,75,7732.0,0.02499636173515766,75,7732.0
4820.0,68,2102.0,25.325301204819276,1.2426827199044932,68,7478.0,0.03738748543438822,68,7478.0
4825.0,65,2246.0,26.11627906976744,2.0678406433590952,65,6846.0,0.04673077261833437,65,6846.0
4830.0,52,2367.0,28.178571428571427,3.1240801825800797,52,6264.0,0.1312086780002634,52,6264.0
4835.0,43,2409.0,29.74074074074074,3.424568466458518,43,6274.0,0.17442645638104523,43,6274.0
4840.0,47,2581.0,33.51948051948052,2.5841841999943616,47,6446.0,0.1263778036313584,47,6446.0
4845.0,56,2838.0,35.475,2.0198726134676113,56,6704.0,0.05889675245581943,56,6704.0
4850.0,61,3130.0,38.641975308641975,1.8483080956153835,61,6997.0,0.05583664974785654,61,6997.0
4855.0,68,3455.0,44.294871794871796,0.4558283838328516,68,7322.0,0.034944205713870274,68,7322.0
4860.0,76,3817.0,47.123456790123456,0.053494079198994626,76,7684.0,0.003674014534901807,76,7684.0
4865.0,82,4216.0,47.90909090909091,0.3935375886613501,82,8083.0,0.029230803170433032,82,8083.0
4870.0,80,4402.0,50.02272727272727,0.8885012866602867,80,7856.0,0.0627384679524574,80,7856.0
4875.0,70,3692.0,41.95454545454545,1.2062589573588751,70,7593.0,0.05627569925686493,70,7593.0
4880.0,68,3191.0,35.455555555555556,1.8334790104247747,68,6397.0,0.03923164206114567,68,6397.0
4885.0,58,2457.0,27.920454545454547,2.0264880069797986,58,6697.0,0.07476852235463949,58,6697.0
4890.0,54,1906.0,22.69047619047619,1.9586968620312204,54,6959.0,0.07492511466344172,54,6959.0
4895.0,63,2198.0,26.804878048780488,1.2173290274118145,63,7251.0,0.0440589778089871,63,7251.0
4900.0,72,2528.0,28.727272727272727,0.5673447483420758,72,7581.0,0.041584723236971884,72,7581.0
4905.0,76,2893.0,32.144444444444446,0.8603975060554231,76,7946.0,0.06391490072365522,76,7946.0
4910.0,82,3118.0,33.891304347826086,0.5788327229708332,82,8174.0,0.04032853404122528,82,8174.0
4915.0,80,3156.0,33.57446808510638,0.8004879427140151,80,8440.0,0.026341807996672368,80,8440.0
4920.0,80,3553.0,37.797872340425535,1.5336004070724463,80,8619.0,0.029081091204253756,80,8619.0
4925.0,80,3873.0,42.09782608695652,1.2270998078877753,80,8541.0,0.022984069572718913,80,8541.0
4930.0,70,3860.0,42.888888888888886,1.3616353880239567,70,8207.0,0.016104603242191998,70,8207.0
4935.0,62,3835.0,43.57954545454545,2.1622656994843683,62,7541.0,0.05263867170088873,62,7541.0
4940.0,55,3682.0,41.84090909090909,2.744623968378323,55,7290.0,0.12064015499602625,55,7290.0
4945.0,42,2592.0,31.228915662650603,2.7728742979430816,42,7007.0,0.13685706377724396,42,7007.0
4950.0,43,1811.0,22.085365853658537,2.565771837056909,43,6373.0,0.08613691626260839,43,6373.0
4955.0,45,1253.0,14.741176470588234,3.1336294126316027,45,5906.0,0.11170326694723523,45,5906.0
4960.0,42,656.0,7.903614457831325,2.7888945004015318,42,5727.0,0.12121084194281793,42,5727.0
4965.0,48,692.0,8.54320987654321,2.0846017859101056,48,5367.0,0.09086702353644004,48,5367.0
4970.0,48,776.0,8.919540229885058,2.5689424516243595,48,4756.0,0.0824229286991971,48,4756.0
4975.0,45,776.0,8.719101123595506,2.9310583308620792,45,4878.0,0.13202384694917804,45,4878.0
4980.0,44,709.0,8.056818181818182,2.51726901058211,44,5004.0,0.13217180306152249,44,5004.0
4985.0,57,962.0,10.808988764044944,1.849594957159746,57,5178.0,0.046956264626404995,57,5178.0
4990.0,67,1222.0,13.13978494623656,1.5051350524814016,67,5207.0,0.0333704123068677,67,5207.0
4995.0,63,1270.0,13.956043956043956,1.779821734958625,63,5241.0,0.05678769202270409,63,5241.0
5000.0,62,1354.0,15.213483146067416,2.092053205065775,62,4746.0,0.0561485685436945,62,4746.0
